/*--------------------------------*- C++ -*----------------------------------*\
| =========                 |                                                 |
| \\      /  F ield         | OpenFOAM: The Open Source CFD Toolbox           |
|  \\    /   O peration     | Version:  2206                                  |
|   \\  /    A nd           | Website:  www.openfoam.com                      |
|    \\/     M anipulation  |                                                 |
\*---------------------------------------------------------------------------*/
FoamFile
{
    version     2.0;
    format      ascii;
    arch        "LSB;label=32;scalar=64";
    class       volScalarField;
    location    "0.04";
    object      T;
}
// * * * * * * * * * * * * * * * * * * * * * * * * * * * * * * * * * * * * * //

dimensions      [0 0 0 1 0 0 0];

internalField   nonuniform List<scalar> 
4800
(
1
1
1
1
1
1
1
1
1
1
1
1
1
1
1
1
1
1
1
1
1
1
1
1
1
1
1
1
1
1
1
1
1
1
1
1
1
1
1
1
1
1
1
1
1
1
1
1
1
1
1
1
1
1
1
1
1
1
1
1
1
1
1
1
1
1
1
1
1
1
1
1
1
1
1
1
1
1
1
1
1
1
1
1
1
1
1
1
1
1
1
1
1
1
1
1
1
1
1
1
1
1
1
1
1
1
1
1
1
1
1
1
1
1
1
1
1
1
1
1
1
1
1
1
1
1
1
1
1
1
1
1
1
1
1
1
1
1
1
1
1
1
1
1
1
1
1
1
1
1
1
1
1
1
1
1
1
1
1
1
1
1
1
1
1
1
1
1
1
1
1
1
1
1
1
1
1
1
1
1
1
1
1
1
1
1
1
1
1
1
1
1
1
1
1
1
1
1
1
1
1
1
1
1
1
1
1
1
1
1
1
1
1
1
1
1
1
1
1
1
1
1
1
1
1
1
1
1
1
1
1
1
1
1
1
1
1
1
1
1
1
1
1
1
1
1
1
1
1
1
1
1
1
1
1
1
1
1
1
1
1
1
1
1
1
1
1
1
1
1
1
1
1
1
1
1
1
1
1
1
1
1
1
1
1
1
1
1
1
1
1
1
1
1
1
1
1
1
1
1
1
1
1
1
1
1
1
1
1
1
1
1
1
1
1
1
1
1
1
1
1
1
1
1
1
1
1
1
1
1
1
1
1
1
1
1
1
1
1
1
1
1
1
1
1
1
1
1
1
1
1
1
1
1
1
1
1
1
1
1
1
1
1
1
1
1
1
1
1
1
1
1
1
1
1
1
1
1
1
1
1
1
1
1
1
1
1
1
1
1
1
1
1
1
1
1
1
1
1
1
1
1
1
1
1
1
1
1
1
1
1
1
1
1
1
1
1
1
1
1
1
1
1
1
1
1
1
1
1
1
1
1
1
1
1
1
1
1
1
1
1
1
1
1
1
1
1
1
1
1
1
1
1
1
1
1
1
1
1
1
1
1
1
1
1
1
1
1
1
1
1
1
1
1
1
1
1
1
1
1
1
1
1
1
1
1
1
1
1
1
1
1
1
1
1
1
1
1
1
1
1
1
1
1
1
1
1
1
1
1
1
1
1
1
1
1
1
1
1
1
1
1
1
1
1
1
1
1
1
1
1
1
1
1
1
1
1
1
1
1
1
1
1
1
1
1
1
1
1
1
1
1
1
1
1
1
1
1
1
1
1
1
1
1
1
1
1
1
1
1
1
1
1
1
1
1
1
1
1
1
1
1
1
1
1
1
1
1
1
1
1
1
1
1
1
1
1
1
1
1
1
1
1
1
1
1
1
1
1
1
1
1
1
1
1
1
1
1
1
1
1
1
1
1
1
1
1
1
1
1
1
1
1
1
1
1
1
1
1
1
1
1
1
1
1
1
1
1
1
1
1
1
1
1
1
1
1
1
1
1
1
1
1
1
1
1
1
1
1
1
1
1
1
1
1
1
1
1
1
1
1
1
1
1
1
1
1
1
1
1
1
1
1
1
1
1
1
1
1
1
1
1
1
1
1
1
1
1
1
1
1
1
1
1
1
1
1
1
1
1
1
1
1
1
1
1
1
1
1
1
1
1
1
1
1
1
1
1
1
1
1
1
1
1
1
1
1
1
1
1
1
1
1
1
1
1
1
1
1
1
1
1
1
1
1
1
1
1
1
1
1
1
1
1
1
1
1
1
1
1
1
1
1
1
1
1
1
1
1
1
1
1
1
1
1
1
1
1
1
1
1
1
1
1
1
1
1
1
1
1
1
1
1
1
1
1
1
1
1
1
1
1
1
1
1
1
1
1
1
1
1
1
1
1
1
1
1
1
1
1
1
1
1
1
1
1
1
1
1
1
1
1
1
1
1
1
1
1
1
1
1
1
1
1
1
1
1
1
1
1
1
1
1
1
1
1
1
1
1
1
1
1
1
1
1
1
1
1
1
1
1
1
1
1
1
1
1
1
1
1
1
1
1
1
1
1
1
1
1
1
1
1
1
1
1
1
1
1
1
1
1
1
1
1
1
1
1
1
1
1
1
1
1
1
1
1
1
1
1
1
1
1
1
1
1
1
1
1
1
1
1
1
1
1
1
1
1
1
1
1
1
1
1
1
1
1
1
1
1
1
1
1
1
1
1
1
1
1
1
1
1
1
1
1
1
1
1
1
1
1
1
1
1
1
1
1
1
1
1
1
1
1
1
1
1
1
1
1
1
1
1
1
1
1
1
1
1
1
1
1
1
1
1
1
1
1
1
1
1
1
1
1
1
1
1
1
1
1
1
1
1
1
1
1
1
1
1
1
1
1
1
1
1
1
1
1
1
1
1
1
1
1
1
1
1
1
1
1
1
1
1
1
1
1
1
1
1
1
1
1
1
1
1
1
1
1
1
1
1
1
1
1
1
1
1
1
1
1
1
1
1
1
1
1
1
1
1
1
1
1
1
1
1
1
1
1
1
1
1
1
1
1
1
1
1
1
1
1
1
1
1
1
1
1
1
1
1
1
1
1
1
1
1
1
1
1
1
1
1
1
1
1
1
1
1
1
1
1
1
1
1
1
1
1
1
1
1
1
1
1
1
1
1
1
1
1
1
1
1
1
1
1
1
1
1
1
1
1
1
1
1
1
1
1
1
1
1
1
1
1
1
1
1
1
1
1
1
1
1
1
1
1
1
1
1
1
1
1
1
1
1
1
1
1
1
1
1
1
1
1
1
1
1
1
1
1
1
1
1
1
1
1
1
1
1
1
1
1
1
1
1
1
1
1
1
1
1
1
1
1
1
1
1
1
1
1
1
1
1
1
1
1
1
1
1
1
1
1
1
1
1
1
1
1
1
1
1
1
1
1
1
1
1
1
1
1
1
1
1
1
1
1
1
1
1
1
1
1
1
1
1
1
1
1
1
1
1
1
1
1
1
1
1
1
1
1
1
1
1
1
1
1
1
1
1
1
1
1
1
1
1
1
1
1
1
1
1
1
1
1
1
1
1
1
1
1
1
1
1
1
1
1
1
1
1
1
1
1
1
1
1
1
1
1
1
1
1
1
1
1
1
1
1
1
1
1
1
1
1
1
1
1
1
1
1
1
1
1
1
1
1
1
1
1
1
1
1
1
1
1
1
1
1
1
1
1
1
1
1
1
1
1
1
1
1
1
1
1
1
1
1
1
1
1
1
1
1
1
1
1
1
1
1
1
1
1
1
1
1
1
1
1
1
1
1
1
1
1
1
1
1
1
1
1
1
1
1
1
1
1
1
1
1
1
1
1
1
1
1
1
1
1
1
1
1
1
1
1
1
1
1
1
1
1
1
1
1
1
1
1
1
1
1
1
1
1
1
1
1
1
1
1
1
1
1
1
1
1
1
1
1
1
1
1
1
1
1
1
1
1
1
1
1
1
1
1
1
1
1
1
1
1
1
1
1
1
1
1
1
1
1
1
1
1
1
1
1
1
1
1
1
1
1
1
1
1
1
1
1
1
1
1
1
1
1
1
1
1
1
1
1
1
1
1
1
1
1
1
1
1
1
1
1
1
1
1
1
1
1
1
1.07373
1.17025
1.26207
1.34673
1.42347
1.48492
1.524
1.55977
1.56302
1.55299
1.52265
1.48329
1.45304
1.43655
1.42434
1.41951
1.42052
1.42415
1.42783
1.42727
1.42569
1.42281
1.41745
1.41423
1.4143
1.41405
1.41295
1.41076
1.40785
1.40528
1.40333
1.40246
1.40253
1.40376
1.40409
1.40443
1.40499
1.40555
1.40645
1.40744
1.40825
1.40947
1.41199
1.41667
1.42206
1.42478
1.42513
1.42511
1.42513
1.42519
1.42527
1.42537
1.42554
1.42575
1.42595
1.42612
1.42625
1.42635
1.42643
1.42648
1.4265
1.4265
1.42648
1.42643
1.42637
1.42629
1.42621
1.42617
1.42613
1.4261
1.42608
1.42607
1.42607
1.42608
1.42612
1.42618
1.42626
1.42636
1.42648
1.4267
1.0017
1.00979
1.03472
1.07571
1.13301
1.20105
1.26325
1.31947
1.37164
1.40463
1.42434
1.44969
1.46383
1.46017
1.45303
1.45022
1.44706
1.44346
1.43686
1.43034
1.42558
1.42118
1.41521
1.41429
1.41409
1.41337
1.41185
1.40938
1.40629
1.40371
1.40185
1.40147
1.40214
1.40355
1.4047
1.40545
1.40616
1.40704
1.40823
1.40971
1.41135
1.41349
1.4168
1.42157
1.42615
1.42799
1.42813
1.42808
1.42794
1.42778
1.42765
1.42755
1.42749
1.42746
1.42742
1.42735
1.42728
1.42725
1.42723
1.42721
1.4272
1.42719
1.42719
1.4272
1.42724
1.42729
1.42734
1.42739
1.42746
1.42754
1.42763
1.42771
1.42778
1.42783
1.42786
1.42785
1.42785
1.42783
1.42779
1.42777
0.999999
1
1.00011
1.0007
1.00323
1.01264
1.03912
1.0938
1.18227
1.30232
1.40744
1.4667
1.4975
1.49665
1.49182
1.48388
1.47356
1.45643
1.44395
1.43701
1.43176
1.42602
1.42348
1.42076
1.41798
1.41591
1.41402
1.41166
1.40897
1.40616
1.40594
1.4064
1.40803
1.40988
1.41134
1.41203
1.41271
1.41359
1.41477
1.41622
1.41794
1.42036
1.424
1.42867
1.43236
1.43326
1.43325
1.43312
1.43281
1.43247
1.43217
1.43188
1.43164
1.43142
1.43124
1.43109
1.43099
1.43091
1.43086
1.43086
1.43091
1.431
1.43113
1.43128
1.43144
1.4316
1.43175
1.43188
1.43195
1.43198
1.43195
1.43188
1.43178
1.43166
1.43153
1.43139
1.43127
1.43114
1.431
1.43082
1
1
1
1
1
1.00001
1.00015
1.00114
1.00738
1.04357
1.14494
1.26828
1.38912
1.44463
1.47662
1.47435
1.47289
1.47519
1.47301
1.46517
1.4546
1.443
1.43341
1.42595
1.42086
1.41823
1.41546
1.41263
1.40991
1.4099
1.41016
1.41108
1.41225
1.41368
1.41501
1.41622
1.41757
1.41894
1.42045
1.42215
1.42399
1.42648
1.43029
1.43505
1.43766
1.43802
1.438
1.43783
1.43752
1.43727
1.43713
1.43713
1.43713
1.43717
1.4372
1.43725
1.4373
1.43734
1.43737
1.4374
1.43742
1.43742
1.4374
1.43736
1.4373
1.43722
1.43713
1.43704
1.43696
1.43688
1.43679
1.43668
1.43659
1.43648
1.43636
1.43628
1.43623
1.43616
1.43613
1.43605
1
1
1
1
1
1
1
1
1
1.00014
1.00267
1.02062
1.09294
1.21515
1.34267
1.42049
1.47825
1.49256
1.49009
1.48264
1.47091
1.45606
1.4391
1.42872
1.42411
1.42108
1.41942
1.41763
1.41554
1.41328
1.41128
1.41157
1.41233
1.41233
1.41332
1.41561
1.41834
1.42058
1.4227
1.42496
1.42705
1.42966
1.43336
1.43774
1.44058
1.4412
1.44132
1.44134
1.44143
1.44162
1.44187
1.44214
1.44238
1.44255
1.44263
1.44267
1.44264
1.44259
1.44252
1.44244
1.44234
1.44223
1.4421
1.44194
1.44177
1.44157
1.44138
1.44117
1.44095
1.44079
1.44067
1.4406
1.44059
1.44062
1.44068
1.44075
1.44082
1.44083
1.44083
1.44073
1
1
1
1
1
1
1
1
1
1
0.999998
1.00003
1.00083
1.01069
1.05365
1.16841
1.29569
1.39374
1.44453
1.45719
1.4533
1.44688
1.44335
1.43667
1.43225
1.42882
1.42568
1.42196
1.41796
1.41436
1.41185
1.40911
1.40841
1.40888
1.41034
1.41305
1.41618
1.41907
1.42179
1.42461
1.42765
1.43112
1.43559
1.43979
1.44177
1.4424
1.44274
1.44317
1.44358
1.44381
1.44391
1.44398
1.44406
1.44414
1.4442
1.44423
1.44423
1.44418
1.44408
1.44394
1.44375
1.44353
1.44333
1.44313
1.44295
1.44284
1.44277
1.44272
1.44273
1.44275
1.44281
1.44288
1.44296
1.44303
1.44308
1.4431
1.44305
1.44299
1.44293
1.44278
1
1
1
1
1
1
1
1
1
1
1
1
0.999999
1
1.00029
1.0053
1.03241
1.1244
1.24316
1.34769
1.40444
1.43752
1.44
1.4355
1.42932
1.42343
1.41927
1.41536
1.41001
1.4062
1.40419
1.40418
1.40512
1.40712
1.41006
1.41343
1.41685
1.42003
1.42302
1.42635
1.43022
1.43482
1.43938
1.44226
1.44318
1.44326
1.4432
1.44295
1.44265
1.44242
1.44225
1.4421
1.44194
1.44178
1.44164
1.44149
1.44141
1.44137
1.44139
1.4415
1.44167
1.44188
1.4421
1.44223
1.44241
1.44263
1.44285
1.44309
1.44331
1.44347
1.44353
1.44354
1.44353
1.4435
1.44345
1.44338
1.4433
1.44318
1.44305
1.44289
1
1
1
1
1
1
1
1
1
1
1
1
1
1
1
0.999999
1.00012
1.00251
1.01948
1.08039
1.18609
1.28397
1.34714
1.37622
1.39262
1.39677
1.39581
1.39412
1.39478
1.3989
1.40206
1.40539
1.40875
1.41195
1.41483
1.41769
1.42092
1.42447
1.42735
1.43111
1.43524
1.43924
1.4421
1.44254
1.4421
1.44118
1.43994
1.43873
1.43775
1.43721
1.43711
1.4371
1.43715
1.43725
1.43738
1.43756
1.43778
1.43805
1.43837
1.43874
1.43919
1.43967
1.44024
1.44099
1.44161
1.44191
1.44212
1.44225
1.44232
1.44236
1.44242
1.44238
1.44229
1.44215
1.44199
1.44186
1.44183
1.44188
1.44194
1.44212
1
1
1
1
1
1
1
1
1
1
1
1
1
1
1
1
1
0.999999
1.00005
1.00102
1.00916
1.042
1.10954
1.18986
1.25666
1.30718
1.34135
1.3658
1.38299
1.3923
1.39815
1.40137
1.40352
1.40574
1.40836
1.41138
1.41484
1.41851
1.42259
1.42548
1.42932
1.43177
1.43362
1.43446
1.43462
1.43454
1.43444
1.43444
1.43462
1.43483
1.43496
1.43526
1.43561
1.43614
1.4366
1.43719
1.43768
1.43816
1.4385
1.43875
1.43885
1.439
1.43914
1.43905
1.43889
1.43888
1.43882
1.43875
1.43865
1.43858
1.43854
1.4386
1.43878
1.43891
1.4391
1.4394
1.43972
1.44006
1.44037
1.44084
1
1
1
1
1
1
1
1
1
1
1
1
1
1
1
1
1
1
1
0.999999
1.00001
1.00027
1.00239
1.01211
1.03896
1.08688
1.14637
1.20458
1.25642
1.29731
1.32794
1.34965
1.36408
1.37378
1.38126
1.38776
1.39396
1.39989
1.40646
1.41365
1.4209
1.4268
1.43049
1.43261
1.43386
1.43505
1.43623
1.43742
1.4386
1.43951
1.44027
1.44077
1.44063
1.44062
1.44023
1.43984
1.43945
1.43891
1.4382
1.43741
1.43656
1.43568
1.43471
1.43386
1.43344
1.43341
1.43348
1.43365
1.43387
1.43418
1.43454
1.43496
1.43546
1.43617
1.43694
1.4377
1.43818
1.43833
1.43845
1.43858
1
1
1
1
1
1
1
1
1
1
1
1
1
1
1
1
1
1
1
1
1
1
1
1.00002
1.00027
1.00161
1.00641
1.01909
1.04479
1.08507
1.13522
1.1876
1.2362
1.27763
1.31159
1.33923
1.36163
1.3805
1.39602
1.4081
1.41714
1.42457
1.42922
1.4319
1.43321
1.43414
1.43466
1.43513
1.43568
1.43604
1.43637
1.43677
1.43658
1.43631
1.43562
1.43399
1.43257
1.43102
1.43007
1.42976
1.42968
1.42974
1.43002
1.43041
1.4308
1.43117
1.43168
1.43236
1.43303
1.4337
1.43426
1.43468
1.43488
1.43502
1.43511
1.4351
1.4351
1.43504
1.43504
1.43502
1
1
1
1
1
1
1
1
1
1
1
1
1
1
1
1
1
1
1
1
1
1
1
1
1
1
1.00001
1.00007
1.00039
1.00161
1.00533
1.01473
1.03392
1.06492
1.10549
1.15036
1.19431
1.2343
1.26918
1.29838
1.32213
1.34115
1.35646
1.36881
1.37937
1.38798
1.39537
1.40117
1.4057
1.40957
1.41176
1.41423
1.41529
1.41638
1.41721
1.4179
1.42072
1.42311
1.42564
1.42721
1.42919
1.43088
1.43256
1.43408
1.435
1.43587
1.43574
1.43548
1.43525
1.43481
1.43422
1.43353
1.43277
1.43208
1.43126
1.43067
1.43062
1.43064
1.43084
1.4314
1
1
1
1
1
1
1
1
1
1
1
1
1
1
1
1
1
1
1
1
1
1
1
1
1
1
1
1
1
1
1.00001
1.00005
1.00023
1.00091
1.00282
1.00725
1.0158
1.02958
1.04848
1.07125
1.09611
1.12191
1.1486
1.17608
1.20402
1.23185
1.25887
1.28453
1.30824
1.32972
1.34918
1.36571
1.38089
1.39304
1.40445
1.41274
1.41883
1.42238
1.42605
1.42822
1.43
1.43104
1.43167
1.43242
1.43242
1.43283
1.43265
1.43155
1.43041
1.42863
1.42749
1.4273
1.42711
1.42734
1.42773
1.42829
1.42883
1.42942
1.43023
1.43117
1
1
1
1
1
1
1
1
1
1
1
1
1
1
1
1
1
1
1
1
1
1
1
1
1
1
1
1
1
1
1
1
1
1
1
1.00001
1.00005
1.00017
1.00044
1.00095
1.00184
1.00327
1.00562
1.00941
1.01546
1.02471
1.03814
1.05645
1.07972
1.1074
1.13849
1.17138
1.20495
1.23787
1.26898
1.29859
1.32381
1.34665
1.36392
1.37963
1.39006
1.39993
1.40488
1.41034
1.41214
1.41424
1.41555
1.41578
1.41809
1.42067
1.42324
1.42541
1.42714
1.42936
1.43082
1.43202
1.43252
1.43221
1.43232
1.43163
1
1
1
1
1
1
1
1
1
1
1
1
1
1
1
1
1
1
1
1
1
1
1
1
1
1
1
1
1
1
1
1
1
1
1
1
1
1
1
1
1
1
1.00001
1.00002
1.00005
1.00011
1.00026
1.00058
1.00125
1.00256
1.00499
1.00933
1.01669
1.02842
1.04578
1.06972
1.09989
1.13563
1.17362
1.2122
1.24949
1.28318
1.31449
1.34027
1.36388
1.38125
1.397
1.40855
1.41689
1.42124
1.42511
1.42769
1.4288
1.43015
1.43037
1.43049
1.43025
1.42919
1.42793
1.42678
1
1
1
1
1
1
1
1
1
1
1
1
1
1
1
1
1
1
1
1
1
1
1
1
1
1
1
1
1
1
1
1
1
1
1
1
1
1
1
1
1
1
1
1
1
1
1
1
1
1
1.00001
1.00002
1.00006
1.00016
1.0004
1.00098
1.00223
1.00485
1.00995
1.01931
1.03497
1.05839
1.09042
1.12886
1.17171
1.21534
1.25657
1.29544
1.328
1.35563
1.37563
1.39101
1.40141
1.40847
1.41201
1.41547
1.41583
1.41642
1.41862
1.42236
1
1
1
1
1
1
1
1
1
1
1
1
1
1
1
1
1
1
1
1
1
1
1
1
1
1
1
1
1
1
1
1
1
1
1
1
1
1
1
1
1
1
1
1
1
1
1
1
1
1
1
1
1
1
1
1
1
1.00001
1.00002
1.00008
1.00024
1.00069
1.00184
1.00448
1.01014
1.02116
1.04037
1.07
1.10968
1.15723
1.20663
1.25385
1.29659
1.33228
1.36175
1.38436
1.40108
1.41444
1.41963
1.42346
1
1
1
1
1
1
1
1
1
1
1
1
1
1
1
1
1
1
1
1
1
1
1
1
1
1
1
1
1
1
1
1
1
1
1
1
1
1
1
1
1
1
1
1
1
1
1
1
1
1
1
1
1
1
1
1
1
1
1
1
1
1
1
1.00001
1.00002
1.0001
1.00034
1.00108
1.00308
1.00798
1.01875
1.03947
1.07335
1.11888
1.17301
1.22693
1.27846
1.32295
1.35527
1.38926
1
1
1
1
1
1
1
1
1
1
1
1
1
1
1
1
1
1
1
1
1
1
1
1
1
1
1
1
1
1
1
1
1
1
1
1
1
1
1
1
1
1
1
1
1
1
1
1
1
1
1
1
1
1
1
1
1
1
1
1
1
1
1
1
1
1
1
1
1
1.00002
1.00008
1.00034
1.00125
1.00394
1.01114
1.027
1.0577
1.10503
1.15883
1.25777
1
1
1
1
1
1
1
1
1
1
1
1
1
1
1
1
1
1
1
1
1
1
1
1
1
1
1
1
1
1
1
1
1
1
1
1
1
1
1
1
1
1
1
1
1
1
1
1
1
1
1
1
1
1
1
1
1
1
1
1
1
1
1
1
1
1
1
1
1
1
1
1
1
1
1.00003
1.00017
1.00078
1.00302
1.00876
1.04697
1
1
1
1
1
1
1
1
1
1
1
1
1
1
1
1
1
1
1
1
1
1
1
1
1
1
1
1
1
1
1
1
1
1
1
1
1
1
1
1
1
1
1
1
1
1
1
1
1
1
1
1
1
1
1
1
1
1
1
1
1
1
1
1
1
1
1
1
1
1
1
1
1
1
1
1
1
1
1.00002
1.00069
1
1
1
1
1
1
1
1
1
1
1
1
1
1
1
1
1
1
1
1
1
1
1
1
1
1
1
1
1
1
1
1
1
1
1
1
1
1
1
1
1
1
1
1
1
1
1
1
1
1
1
1
1
1
1
1
1
1
1
1
1
1
1
1
1
1
1
1
1
1
1
1
1
1
1
1
1
1
1
1
1
1
1
1
1
1
1
1
1
1
1
1
1
1
1
1
1
1
1
1
1
1
1
1
1
1
1
1
1
1
1
1
1
1
1
1
1
1
1
1
1
1
1
1
1
1
1
1
1
1
1
1
1
1
1
1
1
1
1
1
1
1
1
1
1
1
1
1
1
1
1
1
1
1
1
1
1
1
1
1
1
1
1
1
1
1
1
1
1
1
1
1
1
1
1
1
1
1
1
1
1
1
1
1
1
1
1
1
1
1
1
1
1
1
1
1
1
1
1
1
1
1
1
1
1
1
1
1
1
1
1
1
1
1
1
1
1
1
1
1
1
1
1
1
1
1
1
1
1
1
1
1
1
1
1
1
1
1
1
1
1
1
1
1
1
1
1
1
1
1
1
1
1
1
1
1
1
1
1
1
1
1
1
1
1
1
1
1
1
1
1
1
1
1
1
1
1
1
1
1
1
1
1
1
1
1
1
1
1
1
1
1
1
1
1
1
1
1
1
1
1
1
1
1
1
1
1
1
1
1
1
1
1
1
1
1
1
1
1
1
1
1
1
1
1
1
1
1
1
1
1
1
1
1
1
1
1
1
1
1
1
1
1
1
1
1
1
1
1
1
1
1
1
1
1
1
1
1
1
1
1
1
1
1
1
1
1
1
1
1
1
1
1
1
1
1
1
1
1
1
1
1
1
1
1
1
1
1
1
1
1
1
1
1
1
1
1
1
1
1
1
1
1
1
1
1
1
1
1
1
1
1
1
1
1
1
1
1
1
1
1
1
1
1
1
1
1
1
1
1
1
1
1
1
1
1
1
1
1
1
1
1
1
1
1
1
1
1
1
1
1
1
1
1
1
1
1
1
1
1
1
1
1
1
1
1
1
1
1
1
1
1
1
1
1
1
1
1
1
1
1
1
1
1
1
1
1
1
1
1
1
1
1
1
1
1
1
1
1
1
1
1
1
1
1
1
1
1
1
1
1
1
1
1
1
1
1
1
1
1
1
1
1
1
1
1
1
1
1
1
1
1
1
1
1
1
1
1
1
1
1
1
1
1
1
1
1
1
1
1
1
1
1
1
1
1
1
1
1
1
1
1
1
1
1
1
1
1
1
1
1
1
1
1
1
1
1
1
1
1
1
1
1
1
1
1
1
1
1
1
1
1
1
1
1
1
1
1
1
1
1
1
1
1
1
1
1
1
1
1
1
1
1
1
1
1
1
1
1
1
1
1
1
1
1
1
1
1
1
1
1
1
1
1
1
1
1
1
1
1
1
1
1
1
1
1
1
1
1
1
1
1
1
1
1
1
1
1
1
1
1
1
1
1
1
1
1
1
1
1
1
1
1
1
1
1
1
1
1
1
1
1
1
1
1
1
1
1
1
1
1
1
1
1
1
1
1
1
1
1
1
1
1
1
1
1
1
1
1
1
1
1
1
1
1
1
1
1
1
1
1
1
1
1
1
1
1
1
1
1
1
1
1
1
1
1
1
1
1
1
1
1
1
1
1
1
1
1
1
1
1
1
1
1
1
1
1
1
1
1
1
1
1
1
1
1
1
1
1
1
1
1
1
1
1
1
1
1
1
1
1
1
1
1
1
1
1
1
1
1
1
1
1
1
1
1
1
1
1
1
1
1
1
1
1
1
1
1
1
1
1
1
1
1
1
1
1
1
1
1
1
1
1
1
1
1
1
1
1
1
1
1
1
1
1
1
1
1
1
1
1
1
1
1
1
1
1
1
1
1
1
1
1
1
1
1
1
1
1
1
1
1
1
1
1
1
1
1
1
1
1
1
1
1
1
1
1
1
1
1
1
1
1
1
1
1
1
1
1
1
1
1
1
1
1
1
1
1
1
1
1
1
1
1
1
1
1
1
1
1
1
1
1
1
1
1
1
1
1
1
1
1
1
1
1
1
1
1
1
1
1
1
1
1
1
1
1
1
1
1
1
1
1
1
1
1
1
1
1
1
1
1
1
1
1
1
1
1
1
1
1
1
1
1
1
1
1
1
1
1
1
1
1
1
1
1
1
1
1
1
1
1
1
1
1
1
1
1
1
1
1
1
1
1
1
1
1
1
1
1
1
1
1
1
1
1
1
1
1
1
1
1
1
1
1
1
1
1
1
1
1
1
1
1
1
1
1
1
1
1
1
1
1
1
1
1
1
1
1
1
1
1
1
1
1
1
1
1
1
1
1
1
1
1
1
1
1
1
1
1
1
1
1
1
1
1
1
1
1
1
1
1
1
1
1
1
1
1
1
1
1
1
1
1
1
1
1
1
1
1
1
1
1
1
1
1
1
1
1
1
1
1
1
1
1
1
1
1
1
1
1
1
1
1
1
1
1
1
1
1
1
1
1
1
1
1
1
1
1
1
1
1
1
1
1
1
1
1
1
1
1
1
1
1
1
1
1
1
1
1
1
1
1
1
1
1
1
1
1
1
1
1
1
1
1
1
1
1
1
1
1
1
1
1
1
1
1
1
1
1
1
1
1
1
1
1
1
1
1
1
1
1
1
1
1
1
1
1
1
1
1
1
1
1
1
1
1
1
1
1
1
1
1
1
1
1
1
1
1
1
1
1
1
1
1
1
1
1
1
1
1
1
1
1
1
1
1
1
1
1
1
1
1
1
1
1
1
1
1
1
1
1
1
1
1
1
1
1
1
1
1
1
1
1
1
1
1
1
1
1
1
1
1
1
1
1
1
1
1
1
1
1
1
1
1
1
1
1
1
1
1
1
1
1
1
1
1
1
1
1
1
1
1
1
1
1
1
1
1
1
1
1
1
1
1
1
1
1
1
1
1
1
1
1
1
1
1
1
1
1
1
1
1
1
1
1
1
1
1
1
1
1
1
1
1
1
1
1
1
1
1
1
1
1
1
1
1
1
1
1
1
1
1
1
1
1
1
1
1
1
1
1
1
1
1
1
1
1
1
1
1
1
1
1
1
1
1
1
1
1
1
1
1
1
1
1
1
1
1
1
1
1
1
1
1
1
1
1
1
1
1
1
1
1
1
1
1
1
1
1
1
1
1
1
1
1
1
1
1
1
1
1
1
1
1
1
1
1
1
1
1
1
1
1
1
1
1
1
1
1
1
1
1
1
1
1
1
1
1
1
1
1
1
1
1
1
1
1
1
1
1
1
1
1
1
1
1
1
1
1
1
1
1
1
1
1
1
1
1
1
1
1
1
1
1
1
1
1
1
1
1
1
1
1
1
1
1
1
1
1
1
1
1
1
1
1
1
1
1
1
)
;

boundaryField
{
    inlet
    {
        type            fixedValue;
        value           uniform 1;
    }
    outlet
    {
        type            zeroGradient;
    }
    bottom
    {
        type            symmetryPlane;
    }
    top
    {
        type            symmetryPlane;
    }
    obstacle
    {
        type            zeroGradient;
    }
    defaultFaces
    {
        type            empty;
    }
}


// ************************************************************************* //
