/*--------------------------------*- C++ -*----------------------------------*\
| =========                 |                                                 |
| \\      /  F ield         | OpenFOAM: The Open Source CFD Toolbox           |
|  \\    /   O peration     | Version:  2206                                  |
|   \\  /    A nd           | Website:  www.openfoam.com                      |
|    \\/     M anipulation  |                                                 |
\*---------------------------------------------------------------------------*/
FoamFile
{
    version     2.0;
    format      ascii;
    arch        "LSB;label=32;scalar=64";
    class       volScalarField;
    location    "0.18";
    object      T;
}
// * * * * * * * * * * * * * * * * * * * * * * * * * * * * * * * * * * * * * //

dimensions      [0 0 0 1 0 0 0];

internalField   nonuniform List<scalar> 
4800
(
1
1
1
1
1
1
1
1
1
1
1
1
1
1
1
1
1
1
1
1
1
1
1
1
1
1
1
1
1
1
1
1
1
1
1
1
1
1
1
1
1
1
1
1
1
1
1
1
1
1
1
1
1
1
1
1
1
1
1
1
1
1
1
1
1
1
1
1
1
1
1
1
1
1
1
1
1
1
1
1
1
1
1
1
1
1
1
1
1
1
1
1
1
1
1
1
1
1
1
1
1
1
1
1
1
1
1
1
1
1
1
1
1
1
1
1
1
1
1
1
1
1
1
1
1
1
1
1
1
1
1
1
1
1
1
1
1
1
1
1
1
1
1
1
1
1
1
1
1
1
1
1
1
1
1
1
1
1
1
1
1
1
1
1
1
1
1
1
1
1
1
1
1
1
1
1
1
1
1
1
1
1
1
1
1
1
1
1
1
1
1
1
1
1
1
1
1
1
1
1
1
1
1
1
1
1
1
1
1
1
1
1
1
1
1
1
1
1
1
1
1
1
1
1
1
1
1
1
1
1
1
1
1
1
1
1
1
1
1
1
1
1
1
1
1
1
1
1
1
1
1
1
1
1
1
1
1
1
1
1
1
1
1
1
1
1
1
1
1
1
1
1
1
1
1
1
1
1
1
1
1
1
1
1
1
1
1
1
1
1
1
1
1
1
1
1
1
1
1
1
1
1
1
1
1
1
1
1
1
1
1
1
1
1
1
1
1
1
1
1
1
1
1
1
1
1
1
1
1
1
1
1
1
1
1
1
1
1
1
1
1
1
1
1
1
1
1
1
1
1
1
1
1
1
1
1
1
1
1
1
1
1
1
1
1
1
1
1
1
1
1
1
1
1
1
1
1
1
1
1
1
1
1
1
1
1
1
1
1
1
1
1
1
1
1
1
1
1
1
1
1
1
1
1
1
1
1
1
1
1
1
1
1
1
1
1
1
1
1
1
1
1
1
1
1
1
1
1
1
1
1
1
1
1
1
1
1
1
1
1
1
1
1
1
1
1
1
1
1
1
1
1
1
1
1
1
1
1
1
1
1
1
1
1
1
1
1
1
1
1
1
1
1
1
1
1
1
1
1
1
1
1
1
1
1
1
1
1
1
1
1
1
1
1
1
1
1
1
1
1
1
1
1
1
1
1
1
1
1
1
1
1
1
1
1
1
1
1
1
1
1
1
1
1
1
1
1
1
1
1
1
1
1
1
1
1
1
1
1
1
1
1
1
1
1
1
1
1
1
1
1
1
1
1
1
1
1
1
1
1
1
1
1
1
1
1
1
1
1
1
1
1
1
1
1
1
1
1
1
1
1
1
1
1
1
1
1
1
1
1
1
1
1
1
1
1
1
1
1
1
1
1
1
1
1
1
1
1
1
1
1
1
1
1
1
1
1
1
1
1
1
1
1
1
1
1
1
1
1
1
1
1
1
1
1
1
1
1
1
1
1
1
1
1
1
1
1
1
1
1
1
1
1
1
1
1
1
1
1
1
1
1
1
1
1
1
1
1
1
1
1
1
1
1
1
1
1
1
1
1
1
1
1
1
1
1
1
1
1
1
1
1
1
1
1
1
1
1
1
1
1
1
1
1
1
1
1
1
1
1
1
1
1
1
1
1
1
1
1
1
1
1
1
1
1
1
1
1
1
1
1
1
1
1
1
1
1
1
1
1
1
1
1
1
1
1
1
1
1
1
1
1
1
1
1
1
1
1
1
1
1
1
1
1
1
1
1
1
1
1
1
1
1
1
1
1
1
1
1
1
1
1
1
1
1
1
1
1
1
1
1
1
1
1
1
1
1
1
1
1
1
1
1
1
1
1
1
1
1
1
1
1
1
1
1
1
1
1
1
1
1
1
1
1
1
1
1
1
1
1
1
1
1
1
1
1
1
1
1
1
1
1
1
1
1
1
1
1
1
1
1
1
1
1
1
1
1
1
1
1
1
1
1
1
1
1
1
1
1
1
1
1
1
1
1
1
1
1
1
1
1
1
1
1
1
1
1
1
1
1
1
1
1
1
1
1
1
1
1
1
1
1
1
1
1
1
1
1
1
1
1
1
1
1
1
1
1
1
1
1
1
1
1
1
1
1
1
1
1
1
1
1
1
1
1
1
1
1
1
1
1
1
1
1
1
1
1
1
1
1
1
1
1
1
1
1
1
1
1
1
1
1
1
1
1
1
1
1
1
1
1
1
1
1
1
1
1
1
1
1
1
1
1
1
1
1
1
1
1
1
1
1
1
1
1
1
1
1
1
1
1
1
1
1
1
1
1
1
1
1
1
1
1
1
1
1
1
1
1
1
1
1
1
1
1
1
1
1
1
1
1
1
1
1
1
1
1
1
1
1
1
1
1
1
1
1
1
1
1
1
1
1
1
1
1
1
1
1
1
1
1
1
1
1
1
1
1
1
1
1
1
1
1
1
1
1
1
1
1
1
1
1
1
1
1
1
1
1
1
1
1
1
1
1
1
1
1
1
1
1
1
1
1
1
1
1
1
1
1
1
1
1
1
1
1
1
1
1
1
1
1
1
1
1
1
1
1
1
1
1
1
1
1
1
1
1
1
1
1
1
1
1
1
1
1
1
1
1
1
1
1
1
1
1
1
1
1
1
1
1
1
1
1
1
1
1
1
1
1
1
1
1
1
1
1
1
1
1
1
1
1
1
1
1
1
1
1
1
1
1
1
1
1
1
1
1
1
1
1
1
1
1
1
1
1
1
1
1
1
1
1
1
1
1
1
1
1
1
1
1
1
1
1
1
1
1
1
1
1
1
1
1
1
1
1
1
1
1
1
1
1
1
1
1
1
1
1
1
1
1
1
1
1
1
1
1
1
1
1
1
1
1
1
1
1
1
1
1
1
1
1
1
1
1
1
1
1
1
1
1
1
1
1
1
1
1
1
1
1
1
1
1
1
1
1
1
1
1
1
1
1
1
1
1
1
1
1
1
1
1
1
1
1
1
1
1
1
1
1
1
1
1
1
1
1
1
1
1
1
1
1
1
1
1
1
1
1
1
1
1
1
1
1
1
1
1
1
1
1
1
1
1
1
1
1
1
1
1
1
1
1
1
1
1
1
1
1
1
1
1
1
1
1
1
1
1
1
1
1
1
1
1
1
1
1
1
1
1
1
1
1
1
1
1
1
1
1
1
1
1
1
1
1
1
1
1
1
1
1
1
1
1
1
1
1
1
1
1
1
1
1
1
1
1
1
1
1
1
1
1
1
1
1
1
1
1
1
1
1
1
1
1
1
1
1
1
1
1
1
1
1
1
1
1
1
1
1
1
1
1
1
1
1
1
1
1
1
1
1
1
1
1
1
1
1
1
1
1
1
1
1
1
1
1
1
1
1
1
1
1
1
1
1
1
1
1
1
1
1
1
1
1
1
1
1
1
1
1
1
1
1
1
1
1
1
1
1
1
1
1
1
1
1
1
1
1
1
1
1
1
1
1
1
1
1
1
1
1
1
1
1
1
1
1
1
1
1
1
1
1
1
1
1
1
1
1
1
1
1
1
1
1
1
1
1
1
1
1
1
1
1
1
1
1
1
1
1
1
1
1
1
1
1
1
1
1
1
1
1
1
1
1
1
1
1
1
1
1
1
1
1.06931
1.16086
1.25127
1.35607
1.4607
1.54796
1.62015
1.72379
1.85957
1.93767
1.98066
2.03694
2.13481
2.218
2.22526
2.22869
2.24482
2.24554
2.23114
2.1965
2.1633
2.12841
2.08749
2.04545
1.99652
1.94455
1.93788
1.93993
1.93706
1.93914
1.94633
1.95882
1.97357
1.98358
1.98233
1.9806
1.98113
1.98914
1.99842
2.00469
2.00927
2.01193
2.01299
2.01313
2.01219
2.0082
2.0017
2.0004
2.00308
2.01437
2.02583
2.02914
2.02881
2.02579
2.01991
2.01378
2.01011
2.00812
2.00775
2.00974
2.01841
2.02878
2.0337
2.03407
2.03161
2.02294
2.01006
2.0028
2.00214
2.00412
2.01181
2.0261
2.03653
2.0395
2.03922
2.0343
2.0229
2.0112
2.00503
2.00651
1
1
1
0.999777
0.999095
1.02289
1.05211
1.04874
1.10526
1.25865
1.36596
1.4197
1.51369
1.64472
1.72466
1.74649
1.79394
1.86694
1.89115
1.92134
1.96701
1.97116
2.00669
2.047
2.05955
2.05899
2.05884
2.05575
2.04483
2.02793
2.01883
2.0151
2.01126
2.0044
1.99281
1.99266
1.99602
1.99952
2.00228
2.00357
2.00377
2.00759
2.01718
2.02299
2.0232
2.02051
2.01717
2.01502
2.01572
2.01881
2.02124
2.02397
2.0266
2.02733
2.02629
2.02461
2.02428
2.0234
2.02123
2.02012
2.0207
2.022
2.02695
2.03099
2.03066
2.02665
2.0228
2.02023
2.01827
2.01905
2.02233
2.02496
2.02745
2.03175
2.03345
2.0321
2.02602
2.02305
2.02194
2.02285
1
1
1
1
1
0.999999
1
1
1
0.999997
1
0.999997
0.999142
1.01183
1.06767
1.12315
1.21806
1.41948
1.60746
1.73642
1.89105
2.02794
2.09468
2.16749
2.17096
2.16376
2.15886
2.1525
2.14104
2.12024
2.09514
2.0652
2.04323
2.03665
2.0318
2.0273
2.0271
2.02619
2.02566
2.02485
2.02392
2.02567
2.03418
2.04297
2.0449
2.04554
2.04408
2.04207
2.04207
2.04083
2.03781
2.03601
2.03604
2.03873
2.04416
2.04735
2.04754
2.04618
2.04368
2.03995
2.03457
2.03306
2.03331
2.03571
2.04128
2.04368
2.04365
2.04295
2.04109
2.03884
2.03749
2.03505
2.03363
2.03261
2.03277
2.0363
2.04195
2.04405
2.04617
2.04706
1
1
1
1
1
1
1
1
1
1
1
1
1
1
1
1
1
0.999318
1.00709
1.04049
1.14265
1.41902
1.63595
1.82993
1.95747
2.03034
2.12789
2.14521
2.13901
2.12428
2.09602
2.0979
2.10221
2.11425
2.11764
2.11509
2.10429
2.09342
2.08437
2.07335
2.05555
2.04965
2.05256
2.0565
2.06008
2.06462
2.07026
2.07431
2.0751
2.07401
2.06894
2.06131
2.05905
2.05922
2.06259
2.07155
2.07651
2.07679
2.07495
2.06787
2.05707
2.0513
2.05007
2.0504
2.05581
2.0664
2.07078
2.07076
2.06879
2.06482
2.05882
2.05226
2.04567
2.04211
2.04158
2.04375
2.0537
2.06622
2.07061
2.06877
1
1
1
1
1
1
1
1
1
1
1
1
1
1
1
1
1
1
1
1
1
0.999979
1.00018
1.03559
1.22939
1.43357
1.63348
1.82959
1.96227
2.11092
2.14807
2.15455
2.17918
2.18036
2.17571
2.17121
2.16369
2.15129
2.12877
2.10868
2.09183
2.08302
2.08222
2.08193
2.08251
2.08385
2.08912
2.09838
2.10189
2.10081
2.09626
2.08788
2.08343
2.08305
2.08325
2.08979
2.10056
2.10299
2.10213
2.09518
2.08002
2.06988
2.06796
2.06797
2.07077
2.07968
2.08975
2.09508
2.0955
2.09217
2.08327
2.07137
2.06293
2.05965
2.05925
2.05959
2.06211
2.071
2.08332
2.0854
1
1
1
1
1
1
1
1
1
1
1
1
1
1
1
1
1
1
1
1
1
1
1
1
1
0.99934
1.00158
1.08175
1.21819
1.41359
1.68145
1.8496
1.99546
2.0595
2.08465
2.09681
2.10343
2.12369
2.13015
2.13559
2.13941
2.13465
2.1227
2.10923
2.09797
2.09709
2.0985
2.10523
2.10913
2.10711
2.10265
2.09523
2.09172
2.09238
2.09401
2.09955
2.1105
2.11484
2.11501
2.11326
2.10583
2.09436
2.08908
2.0886
2.08993
2.09297
2.09634
2.10005
2.10339
2.10407
2.10188
2.09701
2.09216
2.08641
2.08136
2.07928
2.07945
2.08058
2.08353
2.08724
1
1
1
1
1
1
1
1
1
1
1
1
1
1
1
1
1
1
1
1
1
1
1
1
1
1
1
1
1
0.999241
1.01828
1.09281
1.22583
1.48408
1.71204
1.83175
1.91973
2.01706
2.11031
2.14634
2.15358
2.15139
2.14206
2.12642
2.10667
2.08981
2.09106
2.10103
2.10772
2.10722
2.10507
2.10368
2.09749
2.09372
2.09357
2.09628
2.10323
2.11075
2.1149
2.11656
2.11687
2.11693
2.11538
2.11248
2.10838
2.10542
2.10371
2.10188
2.10096
2.10178
2.10722
2.11241
2.11319
2.11346
2.1124
2.10626
2.09777
2.09455
2.09246
2.09118
1
1
1
1
1
1
1
1
1
1
1
1
1
1
1
1
1
1
1
1
1
1
1
1
1
1
1
1
1
1
1
1
0.99986
1.00046
1.01678
1.09381
1.32197
1.51722
1.72682
1.86524
1.97871
2.0581
2.08349
2.0866
2.07012
2.07131
2.07903
2.10022
2.11076
2.113
2.11403
2.11407
2.11085
2.10275
2.09497
2.09247
2.09295
2.09646
2.10063
2.10491
2.11147
2.1197
2.12597
2.1279
2.12714
2.11771
2.1026
2.09622
2.0948
2.09509
2.09937
2.11318
2.12502
2.12728
2.1271
2.12382
2.11344
2.0999
2.09434
2.09461
1
1
1
1
1
1
1
1
1
1
1
1
1
1
1
1
1
1
1
1
1
1
1
1
1
1
1
1
1
1
1
1
1
1
1
1
0.999553
1.0005
1.05515
1.22387
1.38815
1.59315
1.76211
1.93355
2.02129
2.041
2.06885
2.08308
2.09019
2.09535
2.10151
2.10349
2.10025
2.09443
2.09165
2.09029
2.08593
2.08152
2.08111
2.08307
2.08927
2.10418
2.12036
2.12713
2.12765
2.1247
2.11013
2.09393
2.09073
2.09179
2.09666
2.10459
2.11775
2.12676
2.12808
2.12587
2.11778
2.10986
2.10331
2.10111
1
1
1
1
1
1
1
1
1
1
1
1
1
1
1
1
1
1
1
1
1
1
1
1
1
1
1
1
1
1
1
1
1
1
1
1
1
1
1
0.999993
0.999216
1.02092
1.11046
1.26907
1.54968
1.73043
1.87484
1.95034
1.98251
2.0021
2.0184
2.04854
2.07949
2.09009
2.09541
2.09669
2.09321
2.08122
2.06786
2.06359
2.0658
2.07459
2.09557
2.11416
2.11661
2.11477
2.11076
2.1046
2.09816
2.0949
2.09412
2.09733
2.10473
2.1097
2.11231
2.11191
2.10964
2.11023
2.11373
2.11422
1
1
1
1
1
1
1
1
1
1
1
1
1
1
1
1
1
1
1
1
1
1
1
1
1
1
1
1
1
1
1
1
1
1
1
1
1
1
1
1
1
1
1
0.999414
1.0154
1.08884
1.2105
1.4433
1.68688
1.82953
1.87642
1.93086
2.01169
2.06398
2.07774
2.07842
2.07948
2.08148
2.07733
2.0597
2.05037
2.05383
2.06433
2.07639
2.08633
2.09286
2.09787
2.10198
2.10564
2.10565
2.10323
2.09852
2.09379
2.09162
2.0895
2.08849
2.08924
2.09505
2.1071
2.11624
1
1
1
1
1
1
1
1
1
1
1
1
1
1
1
1
1
1
1
1
1
1
1
1
1
1
1
1
1
1
1
1
1
1
1
1
1
1
1
1
1
1
1
1
1
1
0.99956
1.00609
1.04787
1.17688
1.4097
1.59355
1.76609
1.87788
1.95206
2.00564
2.05053
2.06325
2.06166
2.05926
2.05749
2.0524
2.05096
2.05163
2.05163
2.05167
2.06103
2.07985
2.09309
2.09604
2.09719
2.09922
2.09753
2.08572
2.07352
2.07192
2.07342
2.07872
2.09127
2.11125
1
1
1
1
1
1
1
1
1
1
1
1
1
1
1
1
1
1
1
1
1
1
1
1
1
1
1
1
1
1
1
1
1
1
1
1
1
1
1
1
1
1
1
1
1
1
1
1
1
0.999615
1.00376
1.02624
1.17467
1.45408
1.63264
1.77411
1.86581
1.95565
2.03139
2.04724
2.04855
2.05872
2.063
2.05733
2.03843
2.02591
2.02916
2.04172
2.06113
2.07374
2.07974
2.08477
2.08879
2.08923
2.07898
2.06489
2.0631
2.06527
2.07825
2.09279
1
1
1
1
1
1
1
1
1
1
1
1
1
1
1
1
1
1
1
1
1
1
1
1
1
1
1
1
1
1
1
1
1
1
1
1
1
1
1
1
1
1
1
1
1
1
1
1
1
1
1
1
0.999559
1.00664
1.04165
1.22126
1.44383
1.61064
1.79359
1.91242
1.99834
2.04299
2.04419
2.04302
2.03887
2.02742
2.02335
2.02743
2.03691
2.0428
2.04491
2.05777
2.07474
2.079
2.0766
2.07463
2.07497
2.07635
2.07688
2.07632
1
1
1
1
1
1
1
1
1
1
1
1
1
1
1
1
1
1
1
1
1
1
1
1
1
1
1
1
1
1
1
1
1
1
1
1
1
1
1
1
1
1
1
1
1
1
1
1
1
1
1
1
1
1
1
0.999634
1.00507
1.05478
1.29846
1.57584
1.73723
1.83341
1.95305
2.02326
2.03612
2.03375
2.04824
2.05161
2.04107
2.02621
2.02151
2.0237
2.03661
2.04921
2.05755
2.06236
2.06731
2.07457
2.07957
2.07427
1
1
1
1
1
1
1
1
1
1
1
1
1
1
1
1
1
1
1
1
1
1
1
1
1
1
1
1
1
1
1
1
1
1
1
1
1
1
1
1
1
1
1
1
1
1
1
1
1
1
1
1
1
1
1
1
1
0.999831
1.00139
1.03309
1.19065
1.36202
1.56477
1.79323
1.91198
1.99149
2.03775
2.04078
2.03727
2.03518
2.03016
2.02253
2.02212
2.02299
2.02631
2.03764
2.05533
2.06813
2.07612
2.07503
1
1
1
1
1
1
1
1
1
1
1
1
1
1
1
1
1
1
1
1
1
1
1
1
1
1
1
1
1
1
1
1
1
1
1
1
1
1
1
1
1
1
1
1
1
1
1
1
1
1
1
1
1
1
1
1
1
1
1
1
0.999915
1.00283
1.03881
1.27856
1.60891
1.77096
1.8646
1.97427
2.02749
2.04266
2.04394
2.05635
2.05159
2.03126
2.01456
2.01288
2.01851
2.03932
2.06475
2.06712
1
1
1
1
1
1
1
1
1
1
1
1
1
1
1
1
1
1
1
1
1
1
1
1
1
1
1
1
1
1
1
1
1
1
1
1
1
1
1
1
1
1
1
1
1
1
1
1
1
1
1
1
1
1
1
1
1
1
1
1
0.999999
0.999999
0.99989
1.0021
1.05971
1.2726
1.446
1.66197
1.85097
1.95109
2.02639
2.0477
2.0469
2.04347
2.03496
2.01905
2.01248
2.02066
2.03461
2.04539
1
1
1
1
1
1
1
1
1
1
1
1
1
1
1
1
1
1
1
1
1
1
1
1
1
1
1
1
1
1
1
1
1
1
1
1
1
1
1
1
1
1
1
1
1
1
1
1
1
1
1
1
1
1
1
1
1
1
1
1
1
1
0.999999
0.999995
0.999907
1.00197
1.01185
1.11038
1.43689
1.7321
1.86253
1.92014
2.00359
2.03824
2.0403
2.03856
2.0373
2.02961
2.02422
2.02355
1
1
1
1
1
1
1
1
1
1
1
1
1
1
1
1
1
1
1
1
1
1
1
1
1
1
1
1
1
1
1
1
1
1
1
1
1
1
1
1
1
1
1
1
1
1
1
1
1
1
1
1
1
1
1
1
1
1
1
1
1
1
1
1
0.999999
1
0.999979
1.00009
1.0151
1.17961
1.44387
1.62759
1.79942
1.97895
2.03905
2.04982
2.05184
2.05786
2.05051
2.03019
1
1
1
1
1
1
1
1
1
1
1
1
1
1
1
1
1
1
1
1
1
1
1
1
1
1
1
1
1
1
1
1
1
1
1
1
1
1
1
1
1
1
1
1
1
1
1
1
1
1
1
1
1
1
1
1
1
1
1
1
1
1
1
1
1
1
0.999999
0.999999
0.99996
1.00092
1.01261
1.11898
1.36149
1.69836
1.90746
1.97512
2.02945
2.04134
2.03933
2.03401
1
1
1
1
1
1
1
1
1
1
1
1
1
1
1
1
1
1
1
1
1
1
1
1
1
1
1
1
1
1
1
1
1
1
1
1
1
1
1
1
1
1
1
1
1
1
1
1
1
1
1
1
1
1
1
1
1
1
1
1
1
1
1
1
1
1
1
1
0.999998
0.999998
0.999975
1.00039
1.01031
1.15314
1.55015
1.81601
1.90994
1.95143
1.98645
2.02755
1
1
1
1
1
1
1
1
1
1
1
1
1
1
1
1
1
1
1
1
1
1
1
1
1
1
1
1
1
1
1
1
1
1
1
1
1
1
1
1
1
1
1
1
1
1
1
1
1
1
1
1
1
1
1
1
1
1
1
1
1
1
1
1
1
1
1
1
1
1
0.999999
0.999999
0.999977
1.00133
1.04341
1.28037
1.56079
1.76639
1.88383
1.98148
1
1
1
1
1
1
1
1
1
1
1
1
1
1
1
1
1
1
1
1
1
1
1
1
1
1
1
1
1
1
1
1
1
1
1
1
1
1
1
1
1
1
1
1
1
1
1
1
1
1
1
1
1
1
1
1
1
1
1
1
1
1
1
1
1
1
1
1
1
1
1
1
0.999998
1
0.999989
1.00603
1.05235
1.23905
1.59824
1.94157
1
1
1
1
1
1
1
1
1
1
1
1
1
1
1
1
1
1
1
1
1
1
1
1
1
1
1
1
1
1
1
1
1
1
1
1
1
1
1
1
1
1
1
1
1
1
1
1
1
1
1
1
1
1
1
1
1
1
1
1
1
1
1
1
1
1
1
1
1
1
1
1
1
1
1
1.00001
1.00002
1.00525
1.09016
1.7023
1
1
1
1
1
1
1
1
1
1
1
1
1
1
1
1
1
1
1
1
1
1
1
1
1
1
1
1
1
1
1
1
1
1
1
1
1
1
1
1
1
1
1
1
1
1
1
1
1
1
1
1
1
1
1
1
1
1
1
1
1
1
1
1
1
1
1
1
1
1
1
1
1
1
1
1
1
0.999991
1.00081
1.2139
1
1
1
1
1
1
1
1
1
1
1
1
1
1
1
1
1
1
1
1
1
1
1
1
1
1
1
1
1
1
1
1
1
1
1
1
1
1
1
1
1
1
1
1
1
1
1
1
1
1
1
1
1
1
1
1
1
1
1
1
1
1
1
1
1
1
1
1
1
1
1
1
1
1
1
1
1
0.999999
1
1.01043
1
1
1
1
1
1
1
1
1
1
1
1
1
1
1
1
1
1
1
1
1
1
1
1
1
1
1
1
1
1
1
1
1
1
1
1
1
1
1
1
1
1
1
1
1
1
1
1
1
1
1
1
1
1
1
1
1
1
1
1
1
1
1
1
1
1
1
1
1
1
1
1
1
1
1
1
1
1
1
1.00008
1
1
1
1
1
1
1
1
1
1
1
1
1
1
1
1
1
1
1
1
1
1
1
1
1
1
1
1
1
1
1
1
1
1
1
1
1
1
1
1
1
1
1
1
1
1
1
1
1
1
1
1
1
1
1
1
1
1
1
1
1
1
1
1
1
1
1
1
1
1
1
1
1
1
1
1
1
1
1
1
1
1
1
1
1
1
1
1
1
1
1
1
1
1
1
1
1
1
1
1
1
1
1
1
1
1
1
1
1
1
1
1
1
1
1
1
1
1
1
1
1
1
1
1
1
1
1
1
1
1
1
1
1
1
1
1
1
1
1
1
1
1
1
1
1
1
1
1
1
1
1
1
1
1
1
1
1
1
1
1
1
1
1
1
1
1
1
1
1
1
1
1
1
1
1
1
1
1
1
1
1
1
1
1
1
1
1
1
1
1
1
1
1
1
1
1
1
1
1
1
1
1
1
1
1
1
1
1
1
1
1
1
1
1
1
1
1
1
1
1
1
1
1
1
1
1
1
1
1
1
1
1
1
1
1
1
1
1
1
1
1
1
1
1
1
1
1
1
1
1
1
1
1
1
1
1
1
1
1
1
1
1
1
1
1
1
1
1
1
1
1
1
1
1
1
1
1
1
1
1
1
1
1
1
1
1
1
1
1
1
1
1
1
1
1
1
1
1
1
1
1
1
1
1
1
1
1
1
1
1
1
1
1
1
1
1
1
1
1
1
1
1
1
1
1
1
1
1
1
1
1
1
1
1
1
1
1
1
1
1
1
1
1
1
1
1
1
1
1
1
1
1
1
1
1
1
1
1
1
1
1
1
1
1
1
1
1
1
1
1
1
1
1
1
1
1
1
1
1
1
1
1
1
1
1
1
1
1
1
1
1
1
1
1
1
1
1
1
1
1
1
1
1
1
1
1
1
1
1
1
1
1
1
1
1
1
1
1
1
1
1
1
1
1
1
1
1
1
1
1
1
1
1
1
1
1
1
1
1
1
1
1
1
1
1
1
1
1
1
1
1
1
1
1
1
1
1
1
1
1
1
1
1
1
1
1
1
1
1
1
1
1
1
1
1
1
1
1
1
1
1
1
1
1
1
1
1
1
1
1
1
1
1
1
1
1
1
1
1
1
1
1
1
1
1
1
1
1
1
1
1
1
1
1
1
1
1
1
1
1
1
1
1
1
1
1
1
1
1
1
1
1
1
1
1
1
1
1
1
1
1
1
1
1
1
1
1
1
1
1
1
1
1
1
1
1
1
1
1
1
1
1
1
1
1
1
1
1
1
1
1
1
1
1
1
1
1
1
1
1
1
1
1
1
1
1
1
1
1
1
1
1
1
1
1
1
1
1
1
1
1
1
1
1
1
1
1
1
1
1
1
1
1
1
1
1
1
1
1
1
1
1
1
1
1
1
1
1
1
1
1
1
1
1
1
1
1
1
1
1
1
1
1
1
1
1
1
1
1
1
1
1
1
1
1
1
1
1
1
1
1
1
1
1
1
1
1
1
1
1
1
1
1
1
1
1
1
1
1
1
1
1
1
1
1
1
1
1
1
1
1
1
1
1
1
1
1
1
1
1
1
1
1
1
1
1
1
1
1
1
1
1
1
1
1
1
1
1
1
1
1
1
1
1
1
1
1
1
1
1
1
1
1
1
1
1
1
1
1
1
1
1
1
1
1
1
1
1
1
1
1
1
1
1
1
1
1
1
1
1
1
1
1
1
1
1
1
1
1
1
1
1
1
1
1
1
1
1
1
1
1
1
1
1
1
1
1
1
1
1
1
1
1
1
1
1
1
1
1
1
1
1
1
1
1
1
1
1
1
1
1
1
1
1
1
1
1
1
1
1
1
1
1
1
1
1
1
1
1
1
1
1
1
1
1
1
1
1
1
1
1
1
1
1
1
1
1
1
1
1
1
1
1
1
1
1
1
1
1
1
1
1
1
1
1
1
1
1
1
1
1
1
1
1
1
1
1
1
1
1
1
1
1
1
1
1
1
1
1
1
1
1
1
1
1
1
1
1
1
1
1
1
1
1
1
1
1
1
1
1
1
1
1
1
1
1
1
1
1
1
1
1
1
1
1
1
1
1
1
1
1
1
1
1
1
1
1
1
1
1
1
1
1
1
1
1
1
1
1
1
1
1
1
1
1
1
1
1
1
1
)
;

boundaryField
{
    inlet
    {
        type            fixedValue;
        value           uniform 1;
    }
    outlet
    {
        type            zeroGradient;
    }
    bottom
    {
        type            symmetryPlane;
    }
    top
    {
        type            symmetryPlane;
    }
    obstacle
    {
        type            zeroGradient;
    }
    defaultFaces
    {
        type            empty;
    }
}


// ************************************************************************* //
