/*--------------------------------*- C++ -*----------------------------------*\
| =========                 |                                                 |
| \\      /  F ield         | OpenFOAM: The Open Source CFD Toolbox           |
|  \\    /   O peration     | Version:  2206                                  |
|   \\  /    A nd           | Website:  www.openfoam.com                      |
|    \\/     M anipulation  |                                                 |
\*---------------------------------------------------------------------------*/
FoamFile
{
    version     2.0;
    format      ascii;
    arch        "LSB;label=32;scalar=64";
    class       volScalarField;
    location    "0.08";
    object      p;
}
// * * * * * * * * * * * * * * * * * * * * * * * * * * * * * * * * * * * * * //

dimensions      [1 -1 -2 0 0 0 0];

internalField   nonuniform List<scalar> 
4800
(
1
1
1
1
1
1
1
1
1
1
1
1
1
1
1
1
1
1
1
1
1
1
1
1
1
1
1
1
1
1
1
1
1
1
1
1
1
1
1
1
1
1
1
1
1
1
1
1
1
1
1
1
1
1
1
1
1
1
1
1
1
1
1
1
1
1
1
1
1
1
1
1
1
1
1
1
1
1
1
1
1
1
1
1
1
1
1
1
1
1
1
1
1
1
1
1
1
1
1
1
1
1
1
1
1
1
1
1
1
1
1
1
1
1
1
1
1
1
1
1
1
1
1
1
1
1
1
1
1
1
1
1
1
1
1
1
1
1
1
1
1
1
1
1
1
1
1
1
1
1
1
1
1
1
1
1
1
1
1
1
1
1
1
1
1
1
1
1
1
1
1
1
1
1
1
1
1
1
1
1
1
1
1
1
1
1
1
1
1
1
1
1
1
1
1
1
1
1
1
1
1
1
1
1
1
1
1
1
1
1
1
1
1
1
1
1
1
1
1
1
1
1
1
1
1
1
1
1
1
1
1
1
1
1
1
1
1
1
1
1
1
1
1
1
1
1
1
1
1
1
1
1
1
1
1
1
1
1
1
1
1
1
1
1
1
1
1
1
1
1
1
1
1
1
1
1
1
1
1
1
1
1
1
1
1
1
1
1
1
1
1
1
1
1
1
1
1
1
1
1
1
1
1
1
1
1
1
1
1
1
1
1
1
1
1
1
1
1
1
1
1
1
1
1
1
1
1
1
1
1
1
1
1
1
1
1
1
1
1
1
1
1
1
1
1
1
1
1
1
1
1
1
1
1
1
1
1
1
1
1
1
1
1
1
1
1
1
1
1
1
1
1
1
1
1
1
1
1
1
1
1
1
1
1
1
1
1
1
1
1
1
1
1
1
1
1
1
1
1
1
1
1
1
1
1
1
1
1
1
1
1
1
1
1
1
1
1
1
1
1
1
1
1
1
1
1
1
1
1
1
1
1
1
1
1
1
1
1
1
1
1
1
1
1
1
1
1
1
1
1
1
1
1
1
1
1
1
1
1
1
1
1
1
1
1
1
1
1
1
1
1
1
1
1
1
1
1
1
1
1
1
1
1
1
1
1
1
1
1
1
1
1
1
1
1
1
1
1
1
1
1
1
1
1
1
1
1
1
1
1
1
1
1
1
1
1
1
1
1
1
1
1
1
1
1
1
1
1
1
1
1
1
1
1
1
1
1
1
1
1
1
1
1
1
1
1
1
1
1
1
1
1
1
1
1
1
1
1
1
1
1
1
1
1
1
1
1
1
1
1
1
1
1
1
1
1
1
1
1
1
1
1
1
1
1
1
1
1
1
1
1
1
1
1
1
1
1
1
1
1
1
1
1
1
1
1
1
1
1
1
1
1
1
1
1
1
1
1
1
1
1
1
1
1
1
1
1
1
1
1
1
1
1
1
1
1
1
1
1
1
1
1
1
1
1
1
1
1
1
1
1
1
1
1
1
1
1
1
1
1
1
1
1
1
1
1
1
1
1
1
1
1
1
1
1
1
1
1
1
1
1
1
1
1
1
1
1
1
1
1
1
1
1
1
1
1
1
1
1
1
1
1
1
1
1
1
1
1
1
1
1
1
1
1
1
1
1
1
1
1
1
1
1
1
1
1
1
1
1
1
1
1
1
1
1
1
1
1
1
1
1
1
1
1
1
1
1
1
1
1
1
1
1
1
1
1
1
1
1
1
1
1
1
1
1
1
1
1
1
1
1
1
1
1
1
1
1
1
1
1
1
1
1
1
1
1
1
1
1
1
1
1
1
1
1
1
1
1
1
1
1
1
1
1
1
1
1
1
1
1
1
1
1
1
1
1
1
1
1
1
1
1
1
1
1
1
1
1
1
1
1
1
1
1
1
1
1
1
1
1
1
1
1
1
1
1
1
1
1
1
1
1
1
1
1
1
1
1
1
1
1
1
1
1
1
1
1
1
1
1
1
1
1
1
1
1
1
1
1
1
1
1
1
1
1
1
1
1
1
1
1
1
1
1
1
1
1
1
1
1
1
1
1
1
1
1
1
1
1
1
1
1
1
1
1
1
1
1
1
1
1
1
1
1
1
1
1
1
1
1
1
1
1
1
1
1
1
1
1
1
1
1
1
1
1
1
1
1
1
1
1
1
1
1
1
1
1
1
1
1
1
1
1
1
1
1
1
1
1
1
1
1
1
1
1
1
1
1
1
1
1
1
1
1
1
1
1
1
1
1
1
1
1
1
1
1
1
1
1
1
1
1
1
1
1
1
1
1
1
1
1
1
1
1
1
1
1
1
1
1
1
1
1
1
1
1
1
1
1
1
1
1
1
1
1
1
1
1
1
1
1
1
1
1
1
1
1
1
1
1
1
1
1
1
1
1
1
1
1
1
1
1
1
1
1
1
1
1
1
1
1
1
1
1
1
1
1
1
1
1
1
1
1
1
1
1
1
1
1
1
1
1
1
1
1
1
1
1
1
1
1
1
1
1
1
1
1
1
1
1
1
1
1
1
1
1
1
1
1
1
1
1
1
1
1
1
1
1
1
1
1
1
1
1
1
1
1
1
1
1
1
1
1
1
1
1
1
1
1
1
1
1
1
1
1
1
1
1
1
1
1
1
1
1
1
1
1
1
1
1
1
1
1
1
1
1
1
1
1
1
1
1
1
1
1
1
1
1
1
1
1
1
1
1
1
1
1
1
1
1
1
1
1
1
1
1
1
1
1
1
1
1
1
1
1
1
1
1
1
1
1
1
1
1
1
1
1
1
1
1
1
1
1
1
1
1
1
1
1
1
1
1
1
1
1
1
1
1
1
1
1
1
1
1
1
1
1
1
1
1
1
1
1
1
1
1
1
1
1
1
1
1
1
1
1
1
1
1
1
1
1
1
1
1
1
1
1
1
1
1
1
1
1
1
1
1
1
1
1
1
1
1
1
1
1
1
1
1
1
1
1
1
1
1
1
1
1
1
1
1
1
1
1
1
1
1
1
1
1
1
1
1
1
1
1
1
1
1
1
1
1
1
1
1
1
1
1
1
1
1
1
1
1
1
1
1
1
1
1
1
1
1
1
1
1
1
1
1
1
1
1
1
1
1
1
1
1
1
1
1
1
1
1
1
1
1
1
1
1
1
1
1
1
1
1
1
1
1
1
1
1
1
1
1
1
1
1
1
1
1
1
1
1
1
1
1
1
1
1
1
1
1
1
1
1
1
1
1
1
1
1
1
1
1
1
1
1
1
1
1
1
1
1
1
1
1
1
1
1
1
1
1
1
1
1
1
1
1
1
1
1
1
1
1
1
1
1
1
1
1
1
1
1
1
1
1
1
1
1
1
1
1
1
1
1
1
1
1
1
1
1
1
1
1
1
1
1
1
1
1
1
1
1
1
1
1
1
1
1
1
1
1
1
1
1
1
1
1
1
1
1
1
1
1
1
1
1
1
1
1
1
1
1
1
1
1
1
1
1
1
1
1
1
1
1
1
1
1
1
1
1
1
1
1
1
1
1
1
1
1
1
1
1
1
1
1
1
1
1
1
1
1
1
1
1
1
1
1
1
1
1
1
1
1
1
1
1
1
1
1
1
1
1
1
1
1
1
1
1
1
1.25599
1.65483
2.14484
2.73013
3.35601
3.97523
4.7767
5.88665
6.4957
6.93255
7.65053
9.10923
9.77013
9.75698
9.93244
10.5585
10.7493
10.5778
10.355
10.1924
9.93891
9.35282
8.42614
7.27974
6.94051
6.78814
6.5493
6.2399
6.1597
6.18931
6.23575
6.24987
6.29221
6.41359
6.64345
6.68769
6.66262
6.64021
6.64973
6.69128
6.77351
6.85634
6.89021
6.89826
6.89339
6.87624
6.84912
6.80767
6.76423
6.74774
6.78535
6.91341
7.02633
7.05621
7.04033
6.97374
6.85823
6.75457
6.71131
6.70263
6.73127
6.86133
7.02447
7.10735
7.12158
7.09433
6.98738
6.84994
6.75994
6.71999
6.70689
6.72391
6.80912
6.97362
7.10154
7.1599
7.1626
7.11896
7.02826
6.89497
1
1
0.999999
0.998822
1.00313
1.01022
0.997214
1.04978
1.33422
1.60282
1.7725
2.13656
2.77211
3.44428
3.7968
4.46464
5.30079
5.83293
6.23118
6.67623
7.17409
7.09196
6.9785
7.24794
7.59866
7.70829
7.63659
7.42237
7.14283
7.02396
6.95084
6.84161
6.75009
6.74696
6.71182
6.6697
6.59487
6.5507
6.56635
6.62004
6.69315
6.73723
6.76305
6.80833
6.8723
6.88267
6.87034
6.86096
6.84796
6.80803
6.78993
6.79695
6.83033
6.90357
6.9427
6.93492
6.90543
6.89742
6.88699
6.86132
6.84727
6.85377
6.85732
6.89281
6.94227
6.95624
6.9394
6.9113
6.91324
6.91556
6.90144
6.88413
6.88697
6.88815
6.89257
6.92751
6.96949
6.9872
6.97069
6.93855
1
1
1
1
0.999998
1
1.00001
0.99999
1
1
1
1
0.998065
1.01319
1.0453
1.13563
1.53328
2.03306
2.56147
3.39752
4.53514
6.12611
6.95172
7.68509
8.39204
8.40588
8.33372
8.18795
7.98393
7.77649
7.55316
7.3448
7.03685
6.81826
6.76262
6.64119
6.56821
6.56534
6.58524
6.63128
6.70607
6.72136
6.70507
6.7062
6.73857
6.81133
6.89625
6.91941
6.90935
6.89125
6.83972
6.78693
6.77619
6.77689
6.81859
6.91119
6.96647
6.97339
6.97009
6.95512
6.92439
6.87405
6.8248
6.79197
6.77799
6.79599
6.892
6.99709
7.03358
7.04466
7.04057
7.00552
6.94986
6.87239
6.81259
6.77957
6.77222
6.80537
6.9196
7.02482
1
1
1
1
1
1
1
1
1
1
1
1
1
1
1
1
1
0.999999
0.997988
1.01908
1.10885
1.52705
2.48505
3.44268
4.74904
5.7297
6.41951
7.20137
7.29413
7.33507
7.28027
7.18749
7.19948
7.20286
7.25024
7.18073
6.96803
6.92836
6.93299
6.91636
6.87701
6.72894
6.52026
6.44641
6.46868
6.58388
6.7909
6.92362
6.94935
6.95428
6.91229
6.81354
6.74927
6.72338
6.72745
6.80029
6.91993
7.00836
7.04198
7.03442
6.98374
6.89687
6.81645
6.75677
6.72351
6.72851
6.78952
6.93822
7.0811
7.12034
7.11367
7.07306
6.97162
6.8511
6.78177
6.74594
6.74312
6.75836
6.82608
6.99593
1
1
1
1
1
1
1
1
1
1
1
1
1
1
1
1
1
1
1
0.999998
1
1
0.9982
1.01176
1.1503
1.71579
2.3589
3.30032
4.40599
5.50527
6.85709
7.29666
7.61503
7.70039
7.60264
7.45738
7.39289
7.35034
7.29268
7.20586
7.02398
6.81645
6.59333
6.519
6.53102
6.59689
6.73109
6.87644
6.92006
6.92384
6.89707
6.79756
6.73544
6.7254
6.73314
6.78293
6.85237
6.9237
6.99008
7.00684
6.97857
6.89535
6.83306
6.80649
6.77607
6.76161
6.77705
6.84207
6.94399
7.04208
7.08182
7.07367
7.00403
6.91614
6.84073
6.80498
6.79798
6.81121
6.84699
6.92297
1
1
1
1
1
1
1
1
1
1
1
1
1
1
1
1
1
1
1
1
1
1
1
0.999999
0.999999
1
0.998166
1.01297
1.23978
1.62134
2.39098
3.5407
4.61834
5.84144
6.16535
6.4493
6.79643
6.8599
6.96323
7.09981
7.168
7.12142
6.96622
6.829
6.77066
6.74974
6.77828
6.81227
6.81496
6.80175
6.77244
6.74588
6.73159
6.73614
6.77179
6.83384
6.84869
6.84873
6.84765
6.86809
6.915
6.94984
6.95775
6.95648
6.92426
6.84774
6.83946
6.84664
6.84732
6.85569
6.89632
6.95251
6.9813
6.97804
6.97384
6.9626
6.9327
6.92638
6.93205
6.9265
1
1
1
1
1
1
1
1
1
1
1
1
1
1
1
1
1
1
1
1
1
1
1
1
1
1
1
0.999995
1
1
0.997877
1.06067
1.20424
1.60112
2.5554
3.53613
4.65399
5.50643
6.24173
7.01063
7.18867
7.18837
7.17627
7.14517
7.06447
6.95073
6.82733
6.72156
6.62268
6.60732
6.62935
6.73407
6.85774
6.90242
6.90405
6.8454
6.7704
6.7269
6.70285
6.70181
6.75911
6.94508
7.06134
7.08193
7.07898
7.02671
6.86894
6.77509
6.75395
6.74837
6.75767
6.81237
6.90684
7.0024
7.05081
7.06666
7.07767
7.0726
7.0421
6.9463
1
1
1
1
1
1
1
1
1
1
1
1
1
1
1
1
1
1
1
1
1
1
1
1
1
1
1
1
1
1
1
0.999999
1
0.999194
1.0046
1.04406
1.24888
2.01049
2.84782
3.92345
4.76022
5.48273
6.44336
6.75385
6.76055
6.83514
6.90432
6.809
6.65213
6.60258
6.63778
6.7608
6.9538
7.02054
7.01335
6.9776
6.83796
6.66214
6.62521
6.62721
6.66659
6.81291
7.01936
7.09119
7.09547
7.06962
6.99855
6.87571
6.79721
6.76974
6.77319
6.78971
6.80982
6.88533
7.00669
7.08918
7.11107
7.10984
7.07429
6.92799
1
1
1
1
1
1
1
1
1
1
1
1
1
1
1
1
1
1
1
1
1
1
1
1
1
1
1
1
1
1
1
1
1
1
1
1
1
0.998862
1.00713
1.09793
1.51098
2.08006
3.13876
4.29822
5.28626
6.29963
6.86888
6.94042
6.84564
6.65282
6.65768
6.76948
6.98772
7.0524
7.05017
7.01802
6.93507
6.79215
6.6731
6.63787
6.64828
6.72072
6.8054
6.88901
6.96564
7.01848
7.03648
7.0333
7.00981
6.96197
6.87294
6.81165
6.8212
6.83722
6.85582
6.91761
6.99894
7.03618
7.03505
6.99897
1
1
1
1
1
1
1
1
1
1
1
1
1
1
1
1
1
1
1
1
1
1
1
1
1
1
1
1
1
1
1
1
1
1
1
1
1
1
1
1
0.999988
0.998114
1.04246
1.39878
1.90048
2.66682
3.67207
5.05835
6.20977
6.19169
6.24245
6.44102
6.65207
6.70303
6.77394
6.86886
6.95732
6.94779
6.90242
6.88352
6.88107
6.82748
6.72367
6.69586
6.69875
6.74421
6.88168
7.03494
7.08736
7.11405
7.11461
7.04467
6.882
6.7811
6.76782
6.77666
6.80457
6.8581
6.92356
6.98209
1
1
1
1
1
1
1
1
1
1
1
1
1
1
1
1
1
1
1
1
1
1
1
1
1
1
1
1
1
1
1
1
1
1
1
1
1
1
1
1
1
1
0.999999
1
0.998503
1.01586
1.14878
1.48982
2.42008
3.59591
4.67229
5.80826
6.21473
6.42047
6.45233
6.5136
6.73929
6.96219
7.0363
7.09213
7.13863
7.11577
6.93625
6.64248
6.55303
6.5639
6.62818
6.82262
7.08501
7.16496
7.17022
7.14171
7.06174
6.91562
6.79928
6.7601
6.76797
6.79908
6.8276
6.88385
1
1
1
1
1
1
1
1
1
1
1
1
1
1
1
1
1
1
1
1
1
1
1
1
1
1
1
1
1
1
1
1
1
1
1
1
1
1
1
1
1
1
1
1
1
0.999998
1
0.998985
1.01034
1.18123
1.43797
2.08943
3.28041
5.04082
5.55411
5.73188
6.08431
6.4993
6.85314
7.04735
7.10426
7.13281
7.10516
6.94293
6.66521
6.53442
6.57329
6.70047
6.84555
6.96661
7.0418
7.07331
7.08128
7.06771
7.01738
6.93678
6.85305
6.80064
6.7947
6.85245
1
1
1
1
1
1
1
1
1
1
1
1
1
1
1
1
1
1
1
1
1
1
1
1
1
1
1
1
1
1
1
1
1
1
1
1
1
1
1
1
1
1
1
1
1
1
1
1
1
1
0.999225
1.00238
1.08334
1.43717
2.30331
3.23494
4.33313
5.31221
5.96984
6.24868
6.61529
6.99176
7.01808
7.01597
6.96249
6.85648
6.79983
6.78308
6.75234
6.72826
6.72427
6.76295
6.87426
7.0057
7.05578
7.07122
7.07368
7.03518
6.94116
6.85849
1
1
1
1
1
1
1
1
1
1
1
1
1
1
1
1
1
1
1
1
1
1
1
1
1
1
1
1
1
1
1
1
1
1
1
1
1
1
1
1
1
1
1
1
1
1
1
1
1
1
1
1
1
0.999048
1.01482
1.07144
1.31287
2.3241
3.98241
4.88504
5.36143
6.01441
6.65231
6.88269
6.91701
6.9749
7.12744
7.12398
7.03722
6.83063
6.60039
6.56171
6.5905
6.71447
6.97601
7.10742
7.12251
7.10237
7.08686
7.02376
1
1
1
1
1
1
1
1
1
1
1
1
1
1
1
1
1
1
1
1
1
1
1
1
1
1
1
1
1
1
1
1
1
1
1
1
1
1
1
1
1
1
1
1
1
1
1
1
1
1
1
1
1
1
1
1
0.999153
1.02248
1.178
1.7917
2.60794
3.57604
4.8026
5.67576
6.19472
6.75571
7.05322
7.09622
7.10895
7.09394
6.86532
6.59936
6.56014
6.6226
6.79255
6.95159
7.02173
7.05661
7.07676
7.06876
1
1
1
1
1
1
1
1
1
1
1
1
1
1
1
1
1
1
1
1
1
1
1
1
1
1
1
1
1
1
1
1
1
1
1
1
1
1
1
1
1
1
1
1
1
1
1
1
1
1
1
1
1
1
1
1
1
1
0.999753
1.00165
1.02308
1.14358
1.89477
3.43947
4.62879
5.45228
6.2257
6.84047
7.09476
7.08754
6.95444
6.90134
6.84276
6.82436
6.83819
6.84812
6.8317
6.81436
6.84421
6.9375
1
1
1
1
1
1
1
1
1
1
1
1
1
1
1
1
1
1
1
1
1
1
1
1
1
1
1
1
1
1
1
1
1
1
1
1
1
1
1
1
1
1
1
1
1
1
1
1
1
1
1
1
1
1
1
1
1
1
1
1
1
0.999549
1.00696
1.12722
1.8332
2.83405
4.02031
5.17325
6.04325
6.47999
6.72351
6.86995
7.07626
7.17389
7.15812
7.07004
6.90119
6.77838
6.73398
6.74938
1
1
1
1
1
1
1
1
1
1
1
1
1
1
1
1
1
1
1
1
1
1
1
1
1
1
1
1
1
1
1
1
1
1
1
1
1
1
1
1
1
1
1
1
1
1
1
1
1
1
1
1
1
1
1
1
1
1
1
1
1
1
1
0.999617
1.00633
1.04929
1.32362
2.26302
3.68641
4.85422
5.63996
6.30099
6.92741
7.11943
7.13579
7.13371
7.09626
7.03815
6.88549
6.74714
1
1
1
1
1
1
1
1
1
1
1
1
1
1
1
1
1
1
1
1
1
1
1
1
1
1
1
1
1
1
1
1
1
1
1
1
1
1
1
1
1
1
1
1
1
1
1
1
1
1
1
1
1
1
1
1
1
1
1
1
1
1
1
0.999996
0.999999
0.999968
0.999828
1.0197
1.19073
2.09
3.80535
5.10163
5.86106
6.48826
6.86895
6.98092
7.06224
7.08331
7.09766
7.03089
1
1
1
1
1
1
1
1
1
1
1
1
1
1
1
1
1
1
1
1
1
1
1
1
1
1
1
1
1
1
1
1
1
1
1
1
1
1
1
1
1
1
1
1
1
1
1
1
1
1
1
1
1
1
1
1
1
1
1
1
1
1
1
1
1
0.999998
0.999998
0.999977
0.999825
1.02648
1.27757
2.25342
3.64181
5.1628
6.13071
6.29323
6.33501
6.62424
7.00036
7.10167
1
1
1
1
1
1
1
1
1
1
1
1
1
1
1
1
1
1
1
1
1
1
1
1
1
1
1
1
1
1
1
1
1
1
1
1
1
1
1
1
1
1
1
1
1
1
1
1
1
1
1
1
1
1
1
1
1
1
1
1
1
1
1
1
1
1
1
0.999999
0.999997
0.999941
1.00018
1.03562
1.22884
1.90487
3.70717
5.44878
5.8307
6.24067
6.64818
6.88831
1
1
1
1
1
1
1
1
1
1
1
1
1
1
1
1
1
1
1
1
1
1
1
1
1
1
1
1
1
1
1
1
1
1
1
1
1
1
1
1
1
1
1
1
1
1
1
1
1
1
1
1
1
1
1
1
1
1
1
1
1
1
1
1
1
1
1
1
1
0.999997
0.999998
1.00002
1
1.01699
1.19067
2.29408
4.1198
5.80289
6.5458
6.55235
1
1
1
1
1
1
1
1
1
1
1
1
1
1
1
1
1
1
1
1
1
1
1
1
1
1
1
1
1
1
1
1
1
1
1
1
1
1
1
1
1
1
1
1
1
1
1
1
1
1
1
1
1
1
1
1
1
1
1
1
1
1
1
1
1
1
1
1
1
1
1
1
0.999998
0.999962
1.00018
1.06629
1.5304
2.67405
4.6275
6.419
1
1
1
1
1
1
1
1
1
1
1
1
1
1
1
1
1
1
1
1
1
1
1
1
1
1
1
1
1
1
1
1
1
1
1
1
1
1
1
1
1
1
1
1
1
1
1
1
1
1
1
1
1
1
1
1
1
1
1
1
1
1
1
1
1
1
1
1
1
1
1
1
1
0.999997
0.999995
0.999995
1.00407
1.1145
1.65413
4.22645
1
1
1
1
1
1
1
1
1
1
1
1
1
1
1
1
1
1
1
1
1
1
1
1
1
1
1
1
1
1
1
1
1
1
1
1
1
1
1
1
1
1
1
1
1
1
1
1
1
1
1
1
1
1
1
1
1
1
1
1
1
1
1
1
1
1
1
1
1
1
1
1
1
1
0.999999
0.999999
0.999989
1.00016
1.009
1.87509
1
1
1
1
1
1
1
1
1
1
1
1
1
1
1
1
1
1
1
1
1
1
1
1
1
1
1
1
1
1
1
1
1
1
1
1
1
1
1
1
1
1
1
1
1
1
1
1
1
1
1
1
1
1
1
1
1
1
1
1
1
1
1
1
1
1
1
1
1
1
1
1
1
1
1
1
0.999999
0.999998
1.00001
1.05584
1
1
1
1
1
1
1
1
1
1
1
1
1
1
1
1
1
1
1
1
1
1
1
1
1
1
1
1
1
1
1
1
1
1
1
1
1
1
1
1
1
1
1
1
1
1
1
1
1
1
1
1
1
1
1
1
1
1
1
1
1
1
1
1
1
1
1
1
1
1
1
1
1
1
1
1
1
1
1
1.00067
1
1
1
1
1
1
1
1
1
1
1
1
1
1
1
1
1
1
1
1
1
1
1
1
1
1
1
1
1
1
1
1
1
1
1
1
1
1
1
1
1
1
1
1
1
1
1
1
1
1
1
1
1
1
1
1
1
1
1
1
1
1
1
1
1
1
1
1
1
1
1
1
1
1
1
1
1
1
1
1
1
1
1
1
1
1
1
1
1
1
1
1
1
1
1
1
1
1
1
1
1
1
1
1
1
1
1
1
1
1
1
1
1
1
1
1
1
1
1
1
1
1
1
1
1
1
1
1
1
1
1
1
1
1
1
1
1
1
1
1
1
1
1
1
1
1
1
1
1
1
1
1
1
1
1
1
1
1
1
1
1
1
1
1
1
1
1
1
1
1
1
1
1
1
1
1
1
1
1
1
1
1
1
1
1
1
1
1
1
1
1
1
1
1
1
1
1
1
1
1
1
1
1
1
1
1
1
1
1
1
1
1
1
1
1
1
1
1
1
1
1
1
1
1
1
1
1
1
1
1
1
1
1
1
1
1
1
1
1
1
1
1
1
1
1
1
1
1
1
1
1
1
1
1
1
1
1
1
1
1
1
1
1
1
1
1
1
1
1
1
1
1
1
1
1
1
1
1
1
1
1
1
1
1
1
1
1
1
1
1
1
1
1
1
1
1
1
1
1
1
1
1
1
1
1
1
1
1
1
1
1
1
1
1
1
1
1
1
1
1
1
1
1
1
1
1
1
1
1
1
1
1
1
1
1
1
1
1
1
1
1
1
1
1
1
1
1
1
1
1
1
1
1
1
1
1
1
1
1
1
1
1
1
1
1
1
1
1
1
1
1
1
1
1
1
1
1
1
1
1
1
1
1
1
1
1
1
1
1
1
1
1
1
1
1
1
1
1
1
1
1
1
1
1
1
1
1
1
1
1
1
1
1
1
1
1
1
1
1
1
1
1
1
1
1
1
1
1
1
1
1
1
1
1
1
1
1
1
1
1
1
1
1
1
1
1
1
1
1
1
1
1
1
1
1
1
1
1
1
1
1
1
1
1
1
1
1
1
1
1
1
1
1
1
1
1
1
1
1
1
1
1
1
1
1
1
1
1
1
1
1
1
1
1
1
1
1
1
1
1
1
1
1
1
1
1
1
1
1
1
1
1
1
1
1
1
1
1
1
1
1
1
1
1
1
1
1
1
1
1
1
1
1
1
1
1
1
1
1
1
1
1
1
1
1
1
1
1
1
1
1
1
1
1
1
1
1
1
1
1
1
1
1
1
1
1
1
1
1
1
1
1
1
1
1
1
1
1
1
1
1
1
1
1
1
1
1
1
1
1
1
1
1
1
1
1
1
1
1
1
1
1
1
1
1
1
1
1
1
1
1
1
1
1
1
1
1
1
1
1
1
1
1
1
1
1
1
1
1
1
1
1
1
1
1
1
1
1
1
1
1
1
1
1
1
1
1
1
1
1
1
1
1
1
1
1
1
1
1
1
1
1
1
1
1
1
1
1
1
1
1
1
1
1
1
1
1
1
1
1
1
1
1
1
1
1
1
1
1
1
1
1
1
1
1
1
1
1
1
1
1
1
1
1
1
1
1
1
1
1
1
1
1
1
1
1
1
1
1
1
1
1
1
1
1
1
1
1
1
1
1
1
1
1
1
1
1
1
1
1
1
1
1
1
1
1
1
1
1
1
1
1
1
1
1
1
1
1
1
1
1
1
1
1
1
1
1
1
1
1
1
1
1
1
1
1
1
1
1
1
1
1
1
1
1
1
1
1
1
1
1
1
1
1
1
1
1
1
1
1
1
1
1
1
1
1
1
1
1
1
1
1
1
1
1
1
1
1
1
1
1
1
1
1
1
1
1
1
1
1
1
1
1
1
1
1
1
1
1
1
1
1
1
1
1
1
1
1
1
1
1
1
1
1
1
1
1
1
1
1
1
1
1
1
1
1
1
1
1
1
1
1
1
1
1
1
1
1
1
1
1
1
1
1
1
1
1
1
1
1
1
1
1
1
1
1
1
1
1
1
1
1
1
1
1
1
1
1
1
1
1
1
1
1
1
1
1
1
1
1
1
1
1
1
1
1
1
1
1
1
1
1
1
1
1
1
1
1
1
1
1
1
1
1
1
1
1
1
1
1
1
1
1
1
1
1
1
1
1
1
1
1
1
1
1
1
1
1
1
1
1
1
1
1
1
1
1
1
1
1
1
1
1
1
1
1
1
1
1
1
1
1
1
1
1
1
1
1
1
1
1
1
1
1
1
1
1
1
1
1
1
1
1
1
1
1
1
1
1
1
1
1
1
1
1
1
1
1
1
1
1
1
1
1
1
1
1
1
1
1
)
;

boundaryField
{
    inlet
    {
        type            fixedValue;
        value           uniform 1;
    }
    outlet
    {
        type            zeroGradient;
    }
    bottom
    {
        type            symmetryPlane;
    }
    top
    {
        type            symmetryPlane;
    }
    obstacle
    {
        type            zeroGradient;
    }
    defaultFaces
    {
        type            empty;
    }
}


// ************************************************************************* //
