/*--------------------------------*- C++ -*----------------------------------*\
| =========                 |                                                 |
| \\      /  F ield         | OpenFOAM: The Open Source CFD Toolbox           |
|  \\    /   O peration     | Version:  2206                                  |
|   \\  /    A nd           | Website:  www.openfoam.com                      |
|    \\/     M anipulation  |                                                 |
\*---------------------------------------------------------------------------*/
FoamFile
{
    version     2.0;
    format      ascii;
    arch        "LSB;label=32;scalar=64";
    class       volScalarField;
    location    "0.14";
    object      p;
}
// * * * * * * * * * * * * * * * * * * * * * * * * * * * * * * * * * * * * * //

dimensions      [1 -1 -2 0 0 0 0];

internalField   nonuniform List<scalar> 
4800
(
1
1
1
1
1
1
1
1
1
1
1
1
1
1
1
1
1
1
1
1
1
1
1
1
1
1
1
1
1
1
1
1
1
1
1
1
1
1
1
1
1
1
1
1
1
1
1
1
1
1
1
1
1
1
1
1
1
1
1
1
1
1
1
1
1
1
1
1
1
1
1
1
1
1
1
1
1
1
1
1
1
1
1
1
1
1
1
1
1
1
1
1
1
1
1
1
1
1
1
1
1
1
1
1
1
1
1
1
1
1
1
1
1
1
1
1
1
1
1
1
1
1
1
1
1
1
1
1
1
1
1
1
1
1
1
1
1
1
1
1
1
1
1
1
1
1
1
1
1
1
1
1
1
1
1
1
1
1
1
1
1
1
1
1
1
1
1
1
1
1
1
1
1
1
1
1
1
1
1
1
1
1
1
1
1
1
1
1
1
1
1
1
1
1
1
1
1
1
1
1
1
1
1
1
1
1
1
1
1
1
1
1
1
1
1
1
1
1
1
1
1
1
1
1
1
1
1
1
1
1
1
1
1
1
1
1
1
1
1
1
1
1
1
1
1
1
1
1
1
1
1
1
1
1
1
1
1
1
1
1
1
1
1
1
1
1
1
1
1
1
1
1
1
1
1
1
1
1
1
1
1
1
1
1
1
1
1
1
1
1
1
1
1
1
1
1
1
1
1
1
1
1
1
1
1
1
1
1
1
1
1
1
1
1
1
1
1
1
1
1
1
1
1
1
1
1
1
1
1
1
1
1
1
1
1
1
1
1
1
1
1
1
1
1
1
1
1
1
1
1
1
1
1
1
1
1
1
1
1
1
1
1
1
1
1
1
1
1
1
1
1
1
1
1
1
1
1
1
1
1
1
1
1
1
1
1
1
1
1
1
1
1
1
1
1
1
1
1
1
1
1
1
1
1
1
1
1
1
1
1
1
1
1
1
1
1
1
1
1
1
1
1
1
1
1
1
1
1
1
1
1
1
1
1
1
1
1
1
1
1
1
1
1
1
1
1
1
1
1
1
1
1
1
1
1
1
1
1
1
1
1
1
1
1
1
1
1
1
1
1
1
1
1
1
1
1
1
1
1
1
1
1
1
1
1
1
1
1
1
1
1
1
1
1
1
1
1
1
1
1
1
1
1
1
1
1
1
1
1
1
1
1
1
1
1
1
1
1
1
1
1
1
1
1
1
1
1
1
1
1
1
1
1
1
1
1
1
1
1
1
1
1
1
1
1
1
1
1
1
1
1
1
1
1
1
1
1
1
1
1
1
1
1
1
1
1
1
1
1
1
1
1
1
1
1
1
1
1
1
1
1
1
1
1
1
1
1
1
1
1
1
1
1
1
1
1
1
1
1
1
1
1
1
1
1
1
1
1
1
1
1
1
1
1
1
1
1
1
1
1
1
1
1
1
1
1
1
1
1
1
1
1
1
1
1
1
1
1
1
1
1
1
1
1
1
1
1
1
1
1
1
1
1
1
1
1
1
1
1
1
1
1
1
1
1
1
1
1
1
1
1
1
1
1
1
1
1
1
1
1
1
1
1
1
1
1
1
1
1
1
1
1
1
1
1
1
1
1
1
1
1
1
1
1
1
1
1
1
1
1
1
1
1
1
1
1
1
1
1
1
1
1
1
1
1
1
1
1
1
1
1
1
1
1
1
1
1
1
1
1
1
1
1
1
1
1
1
1
1
1
1
1
1
1
1
1
1
1
1
1
1
1
1
1
1
1
1
1
1
1
1
1
1
1
1
1
1
1
1
1
1
1
1
1
1
1
1
1
1
1
1
1
1
1
1
1
1
1
1
1
1
1
1
1
1
1
1
1
1
1
1
1
1
1
1
1
1
1
1
1
1
1
1
1
1
1
1
1
1
1
1
1
1
1
1
1
1
1
1
1
1
1
1
1
1
1
1
1
1
1
1
1
1
1
1
1
1
1
1
1
1
1
1
1
1
1
1
1
1
1
1
1
1
1
1
1
1
1
1
1
1
1
1
1
1
1
1
1
1
1
1
1
1
1
1
1
1
1
1
1
1
1
1
1
1
1
1
1
1
1
1
1
1
1
1
1
1
1
1
1
1
1
1
1
1
1
1
1
1
1
1
1
1
1
1
1
1
1
1
1
1
1
1
1
1
1
1
1
1
1
1
1
1
1
1
1
1
1
1
1
1
1
1
1
1
1
1
1
1
1
1
1
1
1
1
1
1
1
1
1
1
1
1
1
1
1
1
1
1
1
1
1
1
1
1
1
1
1
1
1
1
1
1
1
1
1
1
1
1
1
1
1
1
1
1
1
1
1
1
1
1
1
1
1
1
1
1
1
1
1
1
1
1
1
1
1
1
1
1
1
1
1
1
1
1
1
1
1
1
1
1
1
1
1
1
1
1
1
1
1
1
1
1
1
1
1
1
1
1
1
1
1
1
1
1
1
1
1
1
1
1
1
1
1
1
1
1
1
1
1
1
1
1
1
1
1
1
1
1
1
1
1
1
1
1
1
1
1
1
1
1
1
1
1
1
1
1
1
1
1
1
1
1
1
1
1
1
1
1
1
1
1
1
1
1
1
1
1
1
1
1
1
1
1
1
1
1
1
1
1
1
1
1
1
1
1
1
1
1
1
1
1
1
1
1
1
1
1
1
1
1
1
1
1
1
1
1
1
1
1
1
1
1
1
1
1
1
1
1
1
1
1
1
1
1
1
1
1
1
1
1
1
1
1
1
1
1
1
1
1
1
1
1
1
1
1
1
1
1
1
1
1
1
1
1
1
1
1
1
1
1
1
1
1
1
1
1
1
1
1
1
1
1
1
1
1
1
1
1
1
1
1
1
1
1
1
1
1
1
1
1
1
1
1
1
1
1
1
1
1
1
1
1
1
1
1
1
1
1
1
1
1
1
1
1
1
1
1
1
1
1
1
1
1
1
1
1
1
1
1
1
1
1
1
1
1
1
1
1
1
1
1
1
1
1
1
1
1
1
1
1
1
1
1
1
1
1
1
1
1
1
1
1
1
1
1
1
1
1
1
1
1
1
1
1
1
1
1
1
1
1
1
1
1
1
1
1
1
1
1
1
1
1
1
1
1
1
1
1
1
1
1
1
1
1
1
1
1
1
1
1
1
1
1
1
1
1
1
1
1
1
1
1
1
1
1
1
1
1
1
1
1
1
1
1
1
1
1
1
1
1
1
1
1
1
1
1
1
1
1
1
1
1
1
1
1
1
1
1
1
1
1
1
1
1
1
1
1
1
1
1
1
1
1
1
1
1
1
1
1
1
1
1
1
1
1
1
1
1
1
1
1
1
1
1
1
1
1
1
1
1
1
1
1
1
1
1
1
1
1
1
1
1
1
1
1
1
1
1
1
1
1
1
1
1
1
1
1
1
1
1
1
1
1
1
1
1
1
1
1
1
1
1
1
1
1
1
1
1
1
1
1
1
1
1
1
1
1
1
1
1
1
1
1
1
1
1
1
1
1
1
1
1
1
1
1
1
1
1
1
1
1
1
1
1
1
1
1
1
1
1
1
1
1
1
1
1
1
1
1
1
1
1
1
1
1
1
1
1
1
1
1
1
1
1
1
1
1
1
1
1
1
1
1
1
1
1
1
1
1
1.25667
1.66364
2.15849
2.69827
3.35868
4.17233
4.7509
5.2798
6.17319
7.38252
7.7137
7.89088
8.35707
9.16791
9.39305
9.2106
9.14079
9.10104
8.87469
8.31671
7.53456
6.78166
6.25122
6.04497
5.92389
5.70153
5.54241
5.55658
5.56773
5.57746
5.60219
5.65261
5.77098
5.92958
6.05297
6.09697
6.0873
6.0494
6.01338
6.02271
6.0413
6.03698
6.02968
6.05676
6.14332
6.1992
6.21068
6.20552
6.17335
6.12391
6.08091
6.05522
6.04869
6.05017
6.06973
6.14092
6.21688
6.26144
6.27161
6.2635
6.21232
6.09876
5.98241
5.94927
5.9563
6.00155
6.11171
6.25331
6.32398
6.3338
6.31326
6.24608
6.16858
6.09075
6.04076
6.01784
6.01557
6.03597
6.08971
6.20347
1
1
0.999998
0.99974
0.996735
1.01364
1.17636
1.31293
1.39575
1.66864
2.19721
2.67033
3.03416
3.67252
4.46564
4.88829
5.20589
5.91774
6.17321
6.12828
6.30535
6.66609
6.73672
6.69286
6.63389
6.4977
6.36278
6.33816
6.29699
6.1868
6.04395
5.92375
5.85615
5.85357
5.85633
5.87696
5.92424
5.96765
6.0019
6.04209
6.05379
6.05194
6.04093
6.03826
6.0587
6.0938
6.12588
6.14481
6.14588
6.13292
6.12592
6.1317
6.13249
6.11497
6.09135
6.08651
6.09682
6.14805
6.20689
6.2163
6.18853
6.14212
6.11597
6.09189
6.08723
6.10133
6.12336
6.13281
6.15815
6.18829
6.19642
6.18666
6.16359
6.16369
6.16855
6.16821
6.15779
6.14895
6.15297
6.16086
1
1
1
1
1
0.999994
1
1
0.999997
1
1
0.998129
1.01052
1.06763
1.28697
1.63332
1.99875
2.68916
3.78424
4.82246
5.96433
6.76485
7.05817
7.34235
7.31821
7.16704
7.0413
6.95335
6.87403
6.70707
6.40332
6.10952
5.85651
5.79917
5.80776
5.85741
5.90964
5.95084
6.01374
6.07402
6.0986
6.09627
6.0908
6.07187
6.04577
6.0371
6.0383
6.05177
6.09807
6.15692
6.18334
6.18836
6.18465
6.16785
6.13154
6.07152
6.05351
6.05885
6.08079
6.12836
6.17273
6.1928
6.20611
6.21535
6.2121
6.18661
6.14444
6.09638
6.06325
6.04869
6.05414
6.09701
6.17918
6.24251
6.27056
6.28112
6.27623
6.24345
6.20225
6.1575
1
1
1
1
1
1
1
1
1
1
1
1
1
1
1
1
0.999304
0.998257
1.08357
1.39512
1.8835
2.87546
3.9239
5.08979
5.86339
6.04924
6.35989
6.44713
6.47615
6.48714
6.61369
6.59058
6.42572
6.2045
6.15745
6.12541
6.07971
5.98963
5.96572
5.9558
5.95853
5.96645
5.99361
6.02706
6.03322
6.01476
5.99466
5.99792
6.02501
6.094
6.18767
6.23238
6.23374
6.21524
6.15032
6.06481
6.03092
6.03016
6.03232
6.04795
6.11228
6.2098
6.27177
6.28632
6.27906
6.24621
6.17132
6.09086
6.04053
6.02105
6.01975
6.03771
6.10566
6.2259
6.31272
6.33192
6.32288
6.28635
6.21996
6.11547
1
1
1
1
1
1
1
1
1
1
1
1
1
1
1
1
1
0.999999
0.999999
1
0.99871
1.0137
1.13926
1.39375
2.07628
3.03956
3.9979
4.99735
5.5768
6.30915
6.76729
6.76811
6.72574
6.68157
6.62098
6.51096
6.33529
6.05543
5.89889
5.89907
5.94009
6.00231
6.03162
6.03757
6.02913
5.99858
5.95488
5.94628
5.97208
6.02449
6.10601
6.19113
6.22032
6.21717
6.1843
6.11213
6.05607
6.0428
6.04055
6.04265
6.06731
6.13651
6.21737
6.27538
6.29091
6.26884
6.19296
6.11023
6.07348
6.05903
6.05306
6.05678
6.07449
6.13904
6.22574
6.28487
6.29783
6.28114
6.21249
6.14871
1
1
1
1
1
1
1
1
1
1
1
1
1
1
1
1
1
1
1
1
1
1
1
1
0.998351
1.02742
1.11683
1.5602
2.32462
3.13002
4.15152
4.8628
5.58502
6.20003
6.32034
6.32522
6.21168
6.12881
6.05211
6.02822
6.05305
6.15388
6.21946
6.20795
6.15584
6.08312
5.98178
5.91011
5.90731
5.92255
5.98226
6.07458
6.1462
6.17579
6.18423
6.18623
6.18186
6.15775
6.13133
6.10145
6.08874
6.08946
6.10223
6.12443
6.15514
6.17962
6.19005
6.19125
6.18804
6.17491
6.14472
6.122
6.12587
6.13993
6.14787
6.15236
6.15262
6.152
6.16544
6.18557
1
1
1
1
1
1
1
1
1
1
1
1
1
1
1
1
1
1
1
1
1
1
1
1
1
0.999999
1
0.999997
0.999725
1.02261
1.23454
1.77534
2.46777
3.47861
4.37778
5.52396
6.06064
6.23237
6.30917
6.2628
6.23176
6.26759
6.30192
6.28501
6.2133
6.10052
5.99568
5.93573
5.92826
5.93566
5.96096
5.99797
6.02874
6.06502
6.11841
6.18452
6.24536
6.27322
6.26803
6.2329
6.13329
6.0517
6.02379
6.01506
6.01745
6.05613
6.15526
6.24401
6.27616
6.28497
6.27875
6.24011
6.1882
6.12589
6.08584
6.0633
6.05377
6.06037
6.09052
6.16422
1
1
1
1
1
1
1
1
1
1
1
1
1
1
1
1
1
1
1
1
1
1
1
1
1
1
1
1
1
0.999999
1
0.998906
1.00215
1.12689
1.44041
1.95462
2.93657
3.85205
4.99729
5.42781
5.63052
5.83205
5.89796
6.00656
6.06874
6.1007
6.15346
6.17254
6.15377
6.13259
6.10142
6.04697
5.96817
5.92303
5.93742
6.01819
6.17934
6.28653
6.30279
6.29305
6.23855
6.10174
6.01255
5.99663
5.99676
6.01529
6.07598
6.19467
6.28375
6.30598
6.29844
6.25914
6.17217
6.10378
6.07875
6.07115
6.07099
6.07633
6.08511
6.12986
1
1
1
1
1
1
1
1
1
1
1
1
1
1
1
1
1
1
1
1
1
1
1
1
1
1
1
1
1
1
1
1
1
1
1
0.998402
1.05386
1.2147
1.59353
2.50931
3.53264
4.56339
5.08626
5.59223
5.97062
6.04345
6.11634
6.22148
6.25743
6.24434
6.20395
6.13712
6.00283
5.87448
5.84907
5.87577
5.98633
6.19596
6.28158
6.27263
6.25396
6.23542
6.17634
6.09856
6.04176
6.02638
6.05007
6.10202
6.15193
6.19156
6.19993
6.18641
6.18581
6.19607
6.19317
6.17354
6.13954
6.10566
6.10411
6.14162
1
1
1
1
1
1
1
1
1
1
1
1
1
1
1
1
1
1
1
1
1
1
1
1
1
1
1
1
1
1
1
1
1
1
1
1
1
1
0.998871
1.03074
1.14274
1.42629
2.18394
3.04424
4.15293
4.68737
5.16097
5.72898
6.02045
6.10113
6.14329
6.22919
6.21682
6.08317
5.88936
5.8597
5.91787
6.02066
6.10747
6.15743
6.19139
6.22013
6.25226
6.26066
6.23347
6.1669
6.11408
6.08805
6.07738
6.0686
6.05557
6.05577
6.09449
6.18122
6.23447
6.2562
6.2612
6.24788
6.21681
6.18105
1
1
1
1
1
1
1
1
1
1
1
1
1
1
1
1
1
1
1
1
1
1
1
1
1
1
1
1
1
1
1
1
1
1
1
1
1
1
1
0.999999
1
0.999172
1.00778
1.05522
1.298
2.02304
2.84071
3.83309
4.65895
5.34155
5.83917
6.10578
6.18899
6.18445
6.13656
6.05879
6.01116
5.98343
5.97708
5.95738
5.95071
6.03016
6.18484
6.28309
6.30136
6.29763
6.27848
6.23285
6.1407
6.0373
6.00631
6.00371
6.02052
6.09722
6.2324
6.28676
6.29066
6.28137
6.26201
6.18971
1
1
1
1
1
1
1
1
1
1
1
1
1
1
1
1
1
1
1
1
1
1
1
1
1
1
1
1
1
1
1
1
1
1
1
1
1
1
1
1
1
1
1
1
0.999362
1.00553
1.04012
1.28247
2.02509
2.88503
3.69457
4.42739
5.41259
6.01695
6.0788
6.06036
6.18725
6.19286
6.11349
5.94375
5.8081
5.82915
5.93746
6.1203
6.22214
6.24773
6.27695
6.30511
6.29983
6.18147
6.04079
5.99665
6.00034
6.07681
6.14712
6.17855
6.20438
6.22244
6.22878
6.20978
1
1
1
1
1
1
1
1
1
1
1
1
1
1
1
1
1
1
1
1
1
1
1
1
1
1
1
1
1
1
1
1
1
1
1
1
1
1
1
1
1
1
1
1
1
1
1
0.999399
1.0051
1.04712
1.30186
1.81927
2.70517
3.92738
4.82907
5.50568
5.97403
6.2065
6.21873
6.12784
5.89087
5.85532
5.8815
5.98701
6.05481
6.06773
6.15505
6.26417
6.29187
6.24645
6.20156
6.18541
6.17926
6.17646
6.1492
6.11291
6.10324
6.10605
6.12621
6.16554
1
1
1
1
1
1
1
1
1
1
1
1
1
1
1
1
1
1
1
1
1
1
1
1
1
1
1
1
1
1
1
1
1
1
1
1
1
1
1
1
1
1
1
1
1
1
1
1
1
1
0.999506
1.00094
1.04869
1.51731
2.40578
3.21231
3.95633
5.15778
6.00141
6.06878
5.98781
6.11993
6.20278
6.13854
6.03507
5.90766
5.90325
5.9804
6.08566
6.14942
6.16987
6.20508
6.27957
6.3106
6.28779
6.14172
6.04918
6.04714
6.06653
6.10647
1
1
1
1
1
1
1
1
1
1
1
1
1
1
1
1
1
1
1
1
1
1
1
1
1
1
1
1
1
1
1
1
1
1
1
1
1
1
1
1
1
1
1
1
1
1
1
1
1
1
1
1
0.999872
1.00037
1.02219
1.15877
1.51732
2.22838
3.5752
4.64156
5.4043
5.9034
6.20116
6.22009
6.19451
5.99685
5.86915
5.87031
5.9145
6.0128
6.07051
6.17847
6.2982
6.33987
6.31136
6.21495
6.15192
6.11461
6.09698
6.10556
1
1
1
1
1
1
1
1
1
1
1
1
1
1
1
1
1
1
1
1
1
1
1
1
1
1
1
1
1
1
1
1
1
1
1
1
1
1
1
1
1
1
1
1
1
1
1
1
1
1
1
1
1
1
1
0.999996
1.00006
1.01695
1.33757
2.31143
3.29754
3.99476
5.18113
6.05669
6.17167
6.0945
6.14002
6.19454
6.12796
6.0404
5.97539
5.99315
6.08393
6.18464
6.1919
6.15042
6.13506
6.15133
6.20109
6.21432
1
1
1
1
1
1
1
1
1
1
1
1
1
1
1
1
1
1
1
1
1
1
1
1
1
1
1
1
1
1
1
1
1
1
1
1
1
1
1
1
1
1
1
1
1
1
1
1
1
1
1
1
1
1
1
1
1
0.999933
1.0004
1.02843
1.20749
1.6253
2.37657
3.8265
4.91745
5.49996
5.95778
6.20805
6.23388
6.22209
6.13498
6.03232
6.01124
6.00979
6.01162
5.98876
6.00697
6.14467
6.27297
6.28573
1
1
1
1
1
1
1
1
1
1
1
1
1
1
1
1
1
1
1
1
1
1
1
1
1
1
1
1
1
1
1
1
1
1
1
1
1
1
1
1
1
1
1
1
1
1
1
1
1
1
1
1
1
1
1
1
1
0.999998
0.999996
1.00001
0.999917
1.00276
1.03352
1.44904
2.68246
3.78576
4.47059
5.55545
6.15938
6.23186
6.2119
6.26673
6.31683
6.24635
6.08695
5.95167
5.94597
6.01985
6.14745
6.22172
1
1
1
1
1
1
1
1
1
1
1
1
1
1
1
1
1
1
1
1
1
1
1
1
1
1
1
1
1
1
1
1
1
1
1
1
1
1
1
1
1
1
1
1
1
1
1
1
1
1
1
1
1
1
1
1
1
1
1
1
0.999998
0.999996
0.999909
1.00312
1.07035
1.49371
2.14307
3.22933
4.71676
5.33852
5.70955
6.13508
6.27843
6.26921
6.21418
6.12672
6.05829
6.09583
6.13164
6.1154
1
1
1
1
1
1
1
1
1
1
1
1
1
1
1
1
1
1
1
1
1
1
1
1
1
1
1
1
1
1
1
1
1
1
1
1
1
1
1
1
1
1
1
1
1
1
1
1
1
1
1
1
1
1
1
1
1
1
1
1
1
1
0.999994
0.999997
0.999901
1.00307
1.02626
1.1942
2.10761
3.91576
4.70981
5.27701
5.9909
6.17378
6.15349
6.1679
6.25861
6.3737
6.36545
6.22784
1
1
1
1
1
1
1
1
1
1
1
1
1
1
1
1
1
1
1
1
1
1
1
1
1
1
1
1
1
1
1
1
1
1
1
1
1
1
1
1
1
1
1
1
1
1
1
1
1
1
1
1
1
1
1
1
1
1
1
1
1
1
1
1
0.999995
0.999997
0.999957
1.00058
1.03122
1.45811
2.55723
3.50857
4.95199
5.54114
5.57255
5.67877
6.00786
6.30413
6.3376
6.25809
1
1
1
1
1
1
1
1
1
1
1
1
1
1
1
1
1
1
1
1
1
1
1
1
1
1
1
1
1
1
1
1
1
1
1
1
1
1
1
1
1
1
1
1
1
1
1
1
1
1
1
1
1
1
1
1
1
1
1
1
1
1
1
1
1
1
0.999997
0.999997
0.999947
1.00475
1.0913
1.31343
2.07255
4.07196
5.2105
5.44824
5.75666
6.10472
6.1809
6.12056
1
1
1
1
1
1
1
1
1
1
1
1
1
1
1
1
1
1
1
1
1
1
1
1
1
1
1
1
1
1
1
1
1
1
1
1
1
1
1
1
1
1
1
1
1
1
1
1
1
1
1
1
1
1
1
1
1
1
1
1
1
1
1
1
1
1
1
1
0.999996
1
1
1.00172
1.03637
1.46255
3.07801
4.60933
5.6093
6.07044
6.03784
5.91976
1
1
1
1
1
1
1
1
1
1
1
1
1
1
1
1
1
1
1
1
1
1
1
1
1
1
1
1
1
1
1
1
1
1
1
1
1
1
1
1
1
1
1
1
1
1
1
1
1
1
1
1
1
1
1
1
1
1
1
1
1
1
1
1
1
1
1
1
1
1
0.999999
0.999994
0.999986
1.00828
1.30317
2.15836
3.30612
4.92479
5.91407
6.09908
1
1
1
1
1
1
1
1
1
1
1
1
1
1
1
1
1
1
1
1
1
1
1
1
1
1
1
1
1
1
1
1
1
1
1
1
1
1
1
1
1
1
1
1
1
1
1
1
1
1
1
1
1
1
1
1
1
1
1
1
1
1
1
1
1
1
1
1
1
1
1
0.999999
0.999998
0.999984
1.00277
1.04779
1.32382
2.11245
3.93206
5.65851
1
1
1
1
1
1
1
1
1
1
1
1
1
1
1
1
1
1
1
1
1
1
1
1
1
1
1
1
1
1
1
1
1
1
1
1
1
1
1
1
1
1
1
1
1
1
1
1
1
1
1
1
1
1
1
1
1
1
1
1
1
1
1
1
1
1
1
1
1
1
1
1
1
0.999998
0.999999
1.00001
1.00222
1.05639
1.59436
3.99224
1
1
1
1
1
1
1
1
1
1
1
1
1
1
1
1
1
1
1
1
1
1
1
1
1
1
1
1
1
1
1
1
1
1
1
1
1
1
1
1
1
1
1
1
1
1
1
1
1
1
1
1
1
1
1
1
1
1
1
1
1
1
1
1
1
1
1
1
1
1
1
1
1
1
1
0.999999
0.999995
1.00025
1.0159
2.05311
1
1
1
1
1
1
1
1
1
1
1
1
1
1
1
1
1
1
1
1
1
1
1
1
1
1
1
1
1
1
1
1
1
1
1
1
1
1
1
1
1
1
1
1
1
1
1
1
1
1
1
1
1
1
1
1
1
1
1
1
1
1
1
1
1
1
1
1
1
1
1
1
1
1
1
1
1
0.999999
1.00014
1.12686
1
1
1
1
1
1
1
1
1
1
1
1
1
1
1
1
1
1
1
1
1
1
1
1
1
1
1
1
1
1
1
1
1
1
1
1
1
1
1
1
1
1
1
1
1
1
1
1
1
1
1
1
1
1
1
1
1
1
1
1
1
1
1
1
1
1
1
1
1
1
1
1
1
1
1
1
1
1
1
1.00331
1
1
1
1
1
1
1
1
1
1
1
1
1
1
1
1
1
1
1
1
1
1
1
1
1
1
1
1
1
1
1
1
1
1
1
1
1
1
1
1
1
1
1
1
1
1
1
1
1
1
1
1
1
1
1
1
1
1
1
1
1
1
1
1
1
1
1
1
1
1
1
1
1
1
1
1
1
1
1
1.00002
1
1
1
1
1
1
1
1
1
1
1
1
1
1
1
1
1
1
1
1
1
1
1
1
1
1
1
1
1
1
1
1
1
1
1
1
1
1
1
1
1
1
1
1
1
1
1
1
1
1
1
1
1
1
1
1
1
1
1
1
1
1
1
1
1
1
1
1
1
1
1
1
1
1
1
1
1
1
1
1
1
1
1
1
1
1
1
1
1
1
1
1
1
1
1
1
1
1
1
1
1
1
1
1
1
1
1
1
1
1
1
1
1
1
1
1
1
1
1
1
1
1
1
1
1
1
1
1
1
1
1
1
1
1
1
1
1
1
1
1
1
1
1
1
1
1
1
1
1
1
1
1
1
1
1
1
1
1
1
1
1
1
1
1
1
1
1
1
1
1
1
1
1
1
1
1
1
1
1
1
1
1
1
1
1
1
1
1
1
1
1
1
1
1
1
1
1
1
1
1
1
1
1
1
1
1
1
1
1
1
1
1
1
1
1
1
1
1
1
1
1
1
1
1
1
1
1
1
1
1
1
1
1
1
1
1
1
1
1
1
1
1
1
1
1
1
1
1
1
1
1
1
1
1
1
1
1
1
1
1
1
1
1
1
1
1
1
1
1
1
1
1
1
1
1
1
1
1
1
1
1
1
1
1
1
1
1
1
1
1
1
1
1
1
1
1
1
1
1
1
1
1
1
1
1
1
1
1
1
1
1
1
1
1
1
1
1
1
1
1
1
1
1
1
1
1
1
1
1
1
1
1
1
1
1
1
1
1
1
1
1
1
1
1
1
1
1
1
1
1
1
1
1
1
1
1
1
1
1
1
1
1
1
1
1
1
1
1
1
1
1
1
1
1
1
1
1
1
1
1
1
1
1
1
1
1
1
1
1
1
1
1
1
1
1
1
1
1
1
1
1
1
1
1
1
1
1
1
1
1
1
1
1
1
1
1
1
1
1
1
1
1
1
1
1
1
1
1
1
1
1
1
1
1
1
1
1
1
1
1
1
1
1
1
1
1
1
1
1
1
1
1
1
1
1
1
1
1
1
1
1
1
1
1
1
1
1
1
1
1
1
1
1
1
1
1
1
1
1
1
1
1
1
1
1
1
1
1
1
1
1
1
1
1
1
1
1
1
1
1
1
1
1
1
1
1
1
1
1
1
1
1
1
1
1
1
1
1
1
1
1
1
1
1
1
1
1
1
1
1
1
1
1
1
1
1
1
1
1
1
1
1
1
1
1
1
1
1
1
1
1
1
1
1
1
1
1
1
1
1
1
1
1
1
1
1
1
1
1
1
1
1
1
1
1
1
1
1
1
1
1
1
1
1
1
1
1
1
1
1
1
1
1
1
1
1
1
1
1
1
1
1
1
1
1
1
1
1
1
1
1
1
1
1
1
1
1
1
1
1
1
1
1
1
1
1
1
1
1
1
1
1
1
1
1
1
1
1
1
1
1
1
1
1
1
1
1
1
1
1
1
1
1
1
1
1
1
1
1
1
1
1
1
1
1
1
1
1
1
1
1
1
1
1
1
1
1
1
1
1
1
1
1
1
1
1
1
1
1
1
1
1
1
1
1
1
1
1
1
1
1
1
1
1
1
1
1
1
1
1
1
1
1
1
1
1
1
1
1
1
1
1
1
1
1
1
1
1
1
1
1
1
1
1
1
1
1
1
1
1
1
1
1
1
1
1
1
1
1
1
1
1
1
1
1
1
1
1
1
1
1
1
1
1
1
1
1
1
1
1
1
1
1
1
1
1
1
1
1
1
1
1
1
1
1
1
1
1
1
1
1
1
1
1
1
1
1
1
1
1
)
;

boundaryField
{
    inlet
    {
        type            fixedValue;
        value           uniform 1;
    }
    outlet
    {
        type            zeroGradient;
    }
    bottom
    {
        type            symmetryPlane;
    }
    top
    {
        type            symmetryPlane;
    }
    obstacle
    {
        type            zeroGradient;
    }
    defaultFaces
    {
        type            empty;
    }
}


// ************************************************************************* //
