/*--------------------------------*- C++ -*----------------------------------*\
| =========                 |                                                 |
| \\      /  F ield         | OpenFOAM: The Open Source CFD Toolbox           |
|  \\    /   O peration     | Version:  2206                                  |
|   \\  /    A nd           | Website:  www.openfoam.com                      |
|    \\/     M anipulation  |                                                 |
\*---------------------------------------------------------------------------*/
FoamFile
{
    version     2.0;
    format      ascii;
    arch        "LSB;label=32;scalar=64";
    class       volScalarField;
    location    "0.18";
    object      T;
}
// * * * * * * * * * * * * * * * * * * * * * * * * * * * * * * * * * * * * * //

dimensions      [0 0 0 1 0 0 0];

internalField   nonuniform List<scalar> 
4800
(
1
1
1
1
1
1
1
1
1
1
1
1
1
1
1
1
1
1
1
1
1
1
1
1
1
1
1
1
1
1
1
1
1
1
1
1
1
1
1
1
1
1
1
1
1
1
1
1
1
1
1
1
1
1
1
1
1
1
1
1
1
1
1
1
1
1
1
1
1
1
1
1
1
1
1
1
1
1
1
1
1
1
1
1
1
1
1
1
1
1
1
1
1
1
1
1
1
1
1
1
1
1
1
1
1
1
1
1
1
1
1
1
1
1
1
1
1
1
1
1
1
1
1
1
1
1
1
1
1
1
1
1
1
1
1
1
1
1
1
1
1
1
1
1
1
1
1
1
1
1
1
1
1
1
1
1
1
1
1
1
1
1
1
1
1
1
1
1
1
1
1
1
1
1
1
1
1
1
1
1
1
1
1
1
1
1
1
1
1
1
1
1
1
1
1
1
1
1
1
1
1
1
1
1
1
1
1
1
1
1
1
1
1
1
1
1
1
1
1
1
1
1
1
1
1
1
1
1
1
1
1
1
1
1
1
1
1
1
1
1
1
1
1
1
1
1
1
1
1
1
1
1
1
1
1
1
1
1
1
1
1
1
1
1
1
1
1
1
1
1
1
1
1
1
1
1
1
1
1
1
1
1
1
1
1
1
1
1
1
1
1
1
1
1
1
1
1
1
1
1
1
1
1
1
1
1
1
1
1
1
1
1
1
1
1
1
1
1
1
1
1
1
1
1
1
1
1
1
1
1
1
1
1
1
1
1
1
1
1
1
1
1
1
1
1
1
1
1
1
1
1
1
1
1
1
1
1
1
1
1
1
1
1
1
1
1
1
1
1
1
1
1
1
1
1
1
1
1
1
1
1
1
1
1
1
1
1
1
1
1
1
1
1
1
1
1
1
1
1
1
1
1
1
1
1
1
1
1
1
1
1
1
1
1
1
1
1
1
1
1
1
1
1
1
1
1
1
1
1
1
1
1
1
1
1
1
1
1
1
1
1
1
1
1
1
1
1
1
1
1
1
1
1
1
1
1
1
1
1
1
1
1
1
1
1
1
1
1
1
1
1
1
1
1
1
1
1
1
1
1
1
1
1
1
1
1
1
1
1
1
1
1
1
1
1
1
1
1
1
1
1
1
1
1
1
1
1
1
1
1
1
1
1
1
1
1
1
1
1
1
1
1
1
1
1
1
1
1
1
1
1
1
1
1
1
1
1
1
1
1
1
1
1
1
1
1
1
1
1
1
1
1
1
1
1
1
1
1
1
1
1
1
1
1
1
1
1
1
1
1
1
1
1
1
1
1
1
1
1
1
1
1
1
1
1
1
1
1
1
1
1
1
1
1
1
1
1
1
1
1
1
1
1
1
1
1
1
1
1
1
1
1
1
1
1
1
1
1
1
1
1
1
1
1
1
1
1
1
1
1
1
1
1
1
1
1
1
1
1
1
1
1
1
1
1
1
1
1
1
1
1
1
1
1
1
1
1
1
1
1
1
1
1
1
1
1
1
1
1
1
1
1
1
1
1
1
1
1
1
1
1
1
1
1
1
1
1
1
1
1
1
1
1
1
1
1
1
1
1
1
1
1
1
1
1
1
1
1
1
1
1
1
1
1
1
1
1
1
1
1
1
1
1
1
1
1
1
1
1
1
1
1
1
1
1
1
1
1
1
1
1
1
1
1
1
1
1
1
1
1
1
1
1
1
1
1
1
1
1
1
1
1
1
1
1
1
1
1
1
1
1
1
1
1
1
1
1
1
1
1
1
1
1
1
1
1
1
1
1
1
1
1
1
1
1
1
1
1
1
1
1
1
1
1
1
1
1
1
1
1
1
1
1
1
1
1
1
1
1
1
1
1
1
1
1
1
1
1
1
1
1
1
1
1
1
1
1
1
1
1
1
1
1
1
1
1
1
1
1
1
1
1
1
1
1
1
1
1
1
1
1
1
1
1
1
1
1
1
1
1
1
1
1
1
1
1
1
1
1
1
1
1
1
1
1
1
1
1
1
1
1
1
1
1
1
1
1
1
1
1
1
1
1
1
1
1
1
1
1
1
1
1
1
1
1
1
1
1
1
1
1
1
1
1
1
1
1
1
1
1
1
1
1
1
1
1
1
1
1
1
1
1
1
1
1
1
1
1
1
1
1
1
1
1
1
1
1
1
1
1
1
1
1
1
1
1
1
1
1
1
1
1
1
1
1
1
1
1
1
1
1
1
1
1
1
1
1
1
1
1
1
1
1
1
1
1
1
1
1
1
1
1
1
1
1
1
1
1
1
1
1
1
1
1
1
1
1
1
1
1
1
1
1
1
1
1
1
1
1
1
1
1
1
1
1
1
1
1
1
1
1
1
1
1
1
1
1
1
1
1
1
1
1
1
1
1
1
1
1
1
1
1
1
1
1
1
1
1
1
1
1
1
1
1
1
1
1
1
1
1
1
1
1
1
1
1
1
1
1
1
1
1
1
1
1
1
1
1
1
1
1
1
1
1
1
1
1
1
1
1
1
1
1
1
1
1
1
1
1
1
1
1
1
1
1
1
1
1
1
1
1
1
1
1
1
1
1
1
1
1
1
1
1
1
1
1
1
1
1
1
1
1
1
1
1
1
1
1
1
1
1
1
1
1
1
1
1
1
1
1
1
1
1
1
1
1
1
1
1
1
1
1
1
1
1
1
1
1
1
1
1
1
1
1
1
1
1
1
1
1
1
1
1
1
1
1
1
1
1
1
1
1
1
1
1
1
1
1
1
1
1
1
1
1
1
1
1
1
1
1
1
1
1
1
1
1
1
1
1
1
1
1
1
1
1
1
1
1
1
1
1
1
1
1
1
1
1
1
1
1
1
1
1
1
1
1
1
1
1
1
1
1
1
1
1
1
1
1
1
1
1
1
1
1
1
1
1
1
1
1
1
1
1
1
1
1
1
1
1
1
1
1
1
1
1
1
1
1
1
1
1
1
1
1
1
1
1
1
1
1
1
1
1
1
1
1
1
1
1
1
1
1
1
1
1
1
1
1
1
1
1
1
1
1
1
1
1
1
1
1
1
1
1
1
1
1
1
1
1
1
1
1
1
1
1
1
1
1
1
1
1
1
1
1
1
1
1
1
1
1
1
1
1
1
1
1
1
1
1
1
1
1
1
1
1
1
1
1
1
1
1
1
1
1
1
1
1
1
1
1
1
1
1
1
1
1
1
1
1
1
1
1
1
1
1
1
1
1
1
1
1
1
1
1
1
1
1
1
1
1
1
1
1
1
1
1
1
1
1
1
1
1
1
1
1
1
1
1
1
1
1
1
1
1
1
1
1
1
1
1
1
1
1
1
1
1
1
1
1
1
1
1
1
1
1
1
1
1
1
1
1
1
1
1
1
1
1
1
1
1
1
1
1
1
1
1
1
1
1
1
1
1
1
1
1
1
1
1
1
1
1
1
1
1
1
1
1
1
1
1
1
1
1
1
1
1
1
1
1
1
1
1
1
1
1
1
1
1
1
1
1
1
1
1
1
1
1
1
1
1
1
1
1
1
1
1
1
1
1
1
1
1
1
1
1
1
1
1
1
1
1
1
1
1
1
1
1
1
1
1
1
1
1
1
1
1
1
1
1
1
1.06975
1.15964
1.25262
1.34606
1.45732
1.56343
1.63889
1.71179
1.83065
1.96038
2.02201
2.06149
2.12321
2.21883
2.27827
2.28237
2.28747
2.29122
2.28625
2.26078
2.21998
2.1833
2.14645
2.09589
2.04339
2.02052
2.00091
1.97065
1.9596
1.96077
1.97094
1.98837
2.00031
2.01085
2.02095
2.02756
2.02774
2.02725
2.02751
2.03118
2.03497
2.03993
2.04736
2.05365
2.05575
2.05612
2.05517
2.05094
2.04504
2.04221
2.04268
2.0472
2.05712
2.06426
2.06636
2.0663
2.0642
2.05972
2.05463
2.04935
2.04455
2.04331
2.04504
2.0548
2.06796
2.07499
2.07595
2.07334
2.06402
2.05101
2.04431
2.04217
2.04215
2.04575
2.05619
2.07197
2.08154
2.08411
2.08333
2.07292
1
1
1
0.999959
0.999205
1.00108
1.0559
1.07341
1.08617
1.18989
1.35537
1.43765
1.49232
1.60349
1.73437
1.77926
1.80774
1.86244
1.91769
1.94043
1.97296
1.99863
2.03302
2.06353
2.081
2.09491
2.1068
2.10523
2.09398
2.07562
2.06136
2.05251
2.04621
2.04168
2.03668
2.03119
2.0317
2.03631
2.03912
2.04067
2.04249
2.04438
2.04664
2.05155
2.05924
2.06303
2.06321
2.06101
2.05706
2.05682
2.05788
2.05975
2.05976
2.059
2.0605
2.06448
2.0668
2.06676
2.06585
2.06497
2.06239
2.0587
2.05792
2.05959
2.06102
2.06445
2.06895
2.06998
2.06805
2.06465
2.06361
2.06333
2.06335
2.06498
2.06625
2.06607
2.0666
2.06897
2.07059
2.06999
1
1
1
1
1
0.999997
1
1
1
1
1
1
0.9993
1.00102
1.04415
1.10987
1.17634
1.32707
1.5394
1.70389
1.83873
2.02689
2.13855
2.17008
2.20975
2.21887
2.21608
2.21044
2.19801
2.17954
2.15535
2.13001
2.09537
2.07095
2.06257
2.06591
2.06827
2.0689
2.06918
2.06968
2.07006
2.06969
2.07042
2.07337
2.07811
2.08093
2.08209
2.08256
2.08329
2.08378
2.0853
2.0861
2.08304
2.07702
2.07374
2.07364
2.07668
2.08471
2.08998
2.08969
2.0868
2.08298
2.07874
2.07467
2.07218
2.07053
2.06992
2.07327
2.08244
2.08863
2.09003
2.0904
2.08969
2.0864
2.08265
2.07597
2.06845
2.06397
2.06316
2.0701
1
1
1
1
1
1
1
1
1
1
1
1
1
1
1
1
1
1
0.999072
1.01872
1.10354
1.26941
1.57973
1.79432
1.93625
2.03915
2.09743
2.17423
2.18849
2.18332
2.17672
2.16012
2.15387
2.14749
2.14443
2.14734
2.14908
2.14512
2.13568
2.12809
2.11713
2.10693
2.09906
2.09534
2.09501
2.0954
2.09749
2.10255
2.11172
2.11961
2.12236
2.12209
2.1177
2.10659
2.09623
2.09352
2.09423
2.09993
2.11183
2.11801
2.11834
2.11523
2.10847
2.10053
2.09343
2.08728
2.08515
2.08682
2.09351
2.10573
2.11484
2.11682
2.11484
2.1087
2.09781
2.08309
2.0753
2.07462
2.07577
2.08401
1
1
1
1
1
1
1
1
1
1
1
1
1
1
1
1
1
1
1
0.999999
1
1
0.999008
1.01766
1.0822
1.31128
1.56461
1.76522
1.94348
2.03231
2.15873
2.21868
2.22187
2.23099
2.23023
2.22106
2.21148
2.2011
2.18669
2.15946
2.14906
2.14498
2.13789
2.1311
2.12391
2.11977
2.11983
2.12275
2.13217
2.14446
2.1476
2.14752
2.14468
2.13492
2.12456
2.12087
2.12
2.12194
2.12883
2.13729
2.14153
2.14199
2.13837
2.12853
2.11954
2.1134
2.10908
2.10858
2.10982
2.11479
2.12316
2.13012
2.13216
2.12949
2.11927
2.10963
2.10123
2.09753
2.09783
2.10258
1
1
1
1
1
1
1
1
1
1
1
1
1
1
1
1
1
1
1
1
1
1
1
1
1
1
0.999013
1.01284
1.14344
1.32233
1.50806
1.76275
1.93189
2.0849
2.15355
2.15291
2.15698
2.14606
2.14404
2.15476
2.17465
2.18599
2.18517
2.17605
2.16186
2.14628
2.13841
2.13657
2.13571
2.1386
2.143
2.14829
2.14992
2.14759
2.14161
2.13888
2.13959
2.14397
2.14644
2.14661
2.14717
2.14855
2.15054
2.15103
2.15027
2.14712
2.13958
2.13309
2.13353
2.13426
2.13291
2.13167
2.13302
2.13641
2.13769
2.13576
2.13262
2.12846
2.12754
2.12594
1
1
1
1
1
1
1
1
1
1
1
1
1
1
1
1
1
1
1
1
1
1
1
1
1
1
1
1
1
0.999971
0.999022
1.03707
1.1765
1.35058
1.58686
1.79396
1.93645
2.01356
2.06651
2.14197
2.18368
2.19276
2.19303
2.18739
2.17674
2.16449
2.14891
2.13979
2.13554
2.13511
2.13681
2.14208
2.15015
2.15665
2.15854
2.15627
2.15581
2.15438
2.15187
2.14697
2.14265
2.14198
2.14538
2.15857
2.1669
2.16776
2.16692
2.16344
2.15241
2.14091
2.13448
2.13172
2.1315
2.1352
2.14632
2.15428
2.15623
2.15647
2.15645
2.15099
1
1
1
1
1
1
1
1
1
1
1
1
1
1
1
1
1
1
1
1
1
1
1
1
1
1
1
1
1
1
1
1
1
0.999374
1.00498
1.05095
1.13729
1.38006
1.6276
1.81421
1.94107
2.0139
2.09516
2.12315
2.13441
2.13968
2.15307
2.14991
2.13747
2.12955
2.13007
2.1372
2.14686
2.15085
2.15151
2.15401
2.16026
2.16194
2.15458
2.1392
2.13316
2.13382
2.13785
2.14926
2.16536
2.1703
2.17048
2.17024
2.16755
2.15364
2.13999
2.13595
2.13602
2.13895
2.14405
2.15438
2.16368
2.16757
2.16839
2.1633
1
1
1
1
1
1
1
1
1
1
1
1
1
1
1
1
1
1
1
1
1
1
1
1
1
1
1
1
1
1
1
1
1
1
1
1
1
0.999233
1.00964
1.07342
1.29379
1.48964
1.66257
1.82379
1.93812
2.05265
2.12234
2.14297
2.1406
2.13156
2.12477
2.12511
2.12547
2.12468
2.13092
2.14346
2.15005
2.15229
2.15143
2.14268
2.12758
2.12399
2.12743
2.13565
2.14617
2.15625
2.16281
2.16537
2.16549
2.16393
2.15795
2.14933
2.14411
2.14357
2.14687
2.15121
2.15464
2.15861
2.16266
2.16208
1
1
1
1
1
1
1
1
1
1
1
1
1
1
1
1
1
1
1
1
1
1
1
1
1
1
1
1
1
1
1
1
1
1
1
1
1
1
1
1
0.999995
1.00008
1.01722
1.16618
1.37199
1.56581
1.74007
1.90111
2.06528
2.09325
2.08685
2.08509
2.08868
2.08178
2.08412
2.10382
2.13004
2.13913
2.13859
2.13576
2.13357
2.13225
2.1301
2.12679
2.12678
2.12923
2.13249
2.13904
2.1473
2.15288
2.15315
2.15589
2.15902
2.15899
2.15387
2.14406
2.14269
2.14267
2.14371
2.14845
1
1
1
1
1
1
1
1
1
1
1
1
1
1
1
1
1
1
1
1
1
1
1
1
1
1
1
1
1
1
1
1
1
1
1
1
1
1
1
1
1
1
1
1
0.99924
1.01119
1.11328
1.27479
1.53551
1.73597
1.87716
1.98369
2.03205
2.05459
2.05996
2.07116
2.08616
2.10966
2.12173
2.12436
2.1263
2.12969
2.13433
2.133
2.12416
2.11158
2.10741
2.10962
2.11552
2.12511
2.14
2.15092
2.15842
2.16159
2.16032
2.14755
2.13052
2.12844
2.1304
2.13815
1
1
1
1
1
1
1
1
1
1
1
1
1
1
1
1
1
1
1
1
1
1
1
1
1
1
1
1
1
1
1
1
1
1
1
1
1
1
1
1
1
1
1
1
1
1
1
0.999411
1.00691
1.10942
1.23853
1.41486
1.62716
1.92123
2.03796
2.02555
2.02505
2.04026
2.06407
2.0798
2.0999
2.11732
2.12468
2.12392
2.11787
2.10986
2.09872
2.09365
2.09762
2.1063
2.11443
2.12663
2.14204
2.14814
2.14748
2.14164
2.13309
2.12701
2.12548
2.1283
1
1
1
1
1
1
1
1
1
1
1
1
1
1
1
1
1
1
1
1
1
1
1
1
1
1
1
1
1
1
1
1
1
1
1
1
1
1
1
1
1
1
1
1
1
1
1
1
1
1
0.999569
1.00176
1.0493
1.25514
1.56474
1.73758
1.83769
1.92265
1.98443
2.00324
2.02988
2.06974
2.10136
2.10572
2.10284
2.10193
2.10593
2.10885
2.1074
2.10028
2.0952
2.09614
2.10154
2.11319
2.12279
2.12476
2.12676
2.13221
2.13514
2.13435
1
1
1
1
1
1
1
1
1
1
1
1
1
1
1
1
1
1
1
1
1
1
1
1
1
1
1
1
1
1
1
1
1
1
1
1
1
1
1
1
1
1
1
1
1
1
1
1
1
1
1
1
1
0.999377
1.01991
1.10245
1.18956
1.40345
1.72869
1.94738
1.96931
1.9954
2.03727
2.0618
2.0677
2.08098
2.10013
2.11084
2.10937
2.10217
2.0918
2.08379
2.08305
2.09114
2.09429
2.09704
2.10597
2.1199
2.12679
2.12825
1
1
1
1
1
1
1
1
1
1
1
1
1
1
1
1
1
1
1
1
1
1
1
1
1
1
1
1
1
1
1
1
1
1
1
1
1
1
1
1
1
1
1
1
1
1
1
1
1
1
1
1
1
1
1
0.999996
0.999583
1.00568
1.08632
1.40535
1.65279
1.76848
1.88121
1.96452
1.98665
2.01443
2.06125
2.09456
2.09855
2.09409
2.09048
2.09412
2.09396
2.08475
2.0776
2.07666
2.07984
2.09664
2.11474
2.11865
1
1
1
1
1
1
1
1
1
1
1
1
1
1
1
1
1
1
1
1
1
1
1
1
1
1
1
1
1
1
1
1
1
1
1
1
1
1
1
1
1
1
1
1
1
1
1
1
1
1
1
1
1
1
1
1
1
1
0.99974
1.00495
1.06847
1.14153
1.33168
1.65873
1.91408
1.96122
1.99294
2.0411
2.07193
2.07692
2.08508
2.09531
2.10035
2.09682
2.08638
2.07444
2.07359
2.08453
2.0961
2.09996
1
1
1
1
1
1
1
1
1
1
1
1
1
1
1
1
1
1
1
1
1
1
1
1
1
1
1
1
1
1
1
1
1
1
1
1
1
1
1
1
1
1
1
1
1
1
1
1
1
1
1
1
1
1
1
1
1
1
1
1
0.999999
0.999705
1.00269
1.05817
1.38524
1.68335
1.79801
1.91668
1.99385
2.00145
2.02186
2.06155
2.08564
2.08855
2.08354
2.08288
2.08915
2.1003
2.09874
2.08754
1
1
1
1
1
1
1
1
1
1
1
1
1
1
1
1
1
1
1
1
1
1
1
1
1
1
1
1
1
1
1
1
1
1
1
1
1
1
1
1
1
1
1
1
1
1
1
1
1
1
1
1
1
1
1
1
1
1
1
1
1
1
1
0.99982
1.00768
1.10054
1.20649
1.42123
1.75671
1.96591
1.99335
2.01595
2.04771
2.06505
2.06131
2.06876
2.09155
2.10637
2.10654
2.09543
1
1
1
1
1
1
1
1
1
1
1
1
1
1
1
1
1
1
1
1
1
1
1
1
1
1
1
1
1
1
1
1
1
1
1
1
1
1
1
1
1
1
1
1
1
1
1
1
1
1
1
1
1
1
1
1
1
1
1
1
1
1
1
0.999998
0.999993
1.00006
1.00014
1.01143
1.13286
1.55543
1.80749
1.90374
1.99805
2.02421
2.01533
2.02271
2.05814
2.09235
2.09672
2.08464
1
1
1
1
1
1
1
1
1
1
1
1
1
1
1
1
1
1
1
1
1
1
1
1
1
1
1
1
1
1
1
1
1
1
1
1
1
1
1
1
1
1
1
1
1
1
1
1
1
1
1
1
1
1
1
1
1
1
1
1
1
1
1
1
1
1
0.999999
0.99997
1.00011
1.04598
1.23709
1.38119
1.65785
1.95567
2.03772
2.04054
2.05485
2.06633
2.06621
2.05447
1
1
1
1
1
1
1
1
1
1
1
1
1
1
1
1
1
1
1
1
1
1
1
1
1
1
1
1
1
1
1
1
1
1
1
1
1
1
1
1
1
1
1
1
1
1
1
1
1
1
1
1
1
1
1
1
1
1
1
1
1
1
1
1
1
1
1
0.999999
0.999997
1
1.00075
1.01061
1.08164
1.44877
1.83196
1.9983
2.06731
2.06073
2.05043
2.04083
1
1
1
1
1
1
1
1
1
1
1
1
1
1
1
1
1
1
1
1
1
1
1
1
1
1
1
1
1
1
1
1
1
1
1
1
1
1
1
1
1
1
1
1
1
1
1
1
1
1
1
1
1
1
1
1
1
1
1
1
1
1
1
1
1
1
1
1
1
1
1
0.999983
1.00003
1.02473
1.33647
1.59328
1.77729
1.95332
2.03575
2.06887
1
1
1
1
1
1
1
1
1
1
1
1
1
1
1
1
1
1
1
1
1
1
1
1
1
1
1
1
1
1
1
1
1
1
1
1
1
1
1
1
1
1
1
1
1
1
1
1
1
1
1
1
1
1
1
1
1
1
1
1
1
1
1
1
1
1
1
1
1
1
1
0.999999
0.999999
0.999978
1.00576
1.06298
1.21696
1.48948
1.8185
2.04749
1
1
1
1
1
1
1
1
1
1
1
1
1
1
1
1
1
1
1
1
1
1
1
1
1
1
1
1
1
1
1
1
1
1
1
1
1
1
1
1
1
1
1
1
1
1
1
1
1
1
1
1
1
1
1
1
1
1
1
1
1
1
1
1
1
1
1
1
1
1
1
1
1
1
0.999999
1.00005
1.00119
1.03928
1.2992
1.8973
1
1
1
1
1
1
1
1
1
1
1
1
1
1
1
1
1
1
1
1
1
1
1
1
1
1
1
1
1
1
1
1
1
1
1
1
1
1
1
1
1
1
1
1
1
1
1
1
1
1
1
1
1
1
1
1
1
1
1
1
1
1
1
1
1
1
1
1
1
1
1
1
1
1
1
1
0.999998
1.0001
1.01092
1.49889
1
1
1
1
1
1
1
1
1
1
1
1
1
1
1
1
1
1
1
1
1
1
1
1
1
1
1
1
1
1
1
1
1
1
1
1
1
1
1
1
1
1
1
1
1
1
1
1
1
1
1
1
1
1
1
1
1
1
1
1
1
1
1
1
1
1
1
1
1
1
1
1
1
1
1
1
1
0.999999
1.00006
1.05763
1
1
1
1
1
1
1
1
1
1
1
1
1
1
1
1
1
1
1
1
1
1
1
1
1
1
1
1
1
1
1
1
1
1
1
1
1
1
1
1
1
1
1
1
1
1
1
1
1
1
1
1
1
1
1
1
1
1
1
1
1
1
1
1
1
1
1
1
1
1
1
1
1
1
1
1
1
1
1
1.00058
1
1
1
1
1
1
1
1
1
1
1
1
1
1
1
1
1
1
1
1
1
1
1
1
1
1
1
1
1
1
1
1
1
1
1
1
1
1
1
1
1
1
1
1
1
1
1
1
1
1
1
1
1
1
1
1
1
1
1
1
1
1
1
1
1
1
1
1
1
1
1
1
1
1
1
1
1
1
1
1
1
1
1
1
1
1
1
1
1
1
1
1
1
1
1
1
1
1
1
1
1
1
1
1
1
1
1
1
1
1
1
1
1
1
1
1
1
1
1
1
1
1
1
1
1
1
1
1
1
1
1
1
1
1
1
1
1
1
1
1
1
1
1
1
1
1
1
1
1
1
1
1
1
1
1
1
1
1
1
1
1
1
1
1
1
1
1
1
1
1
1
1
1
1
1
1
1
1
1
1
1
1
1
1
1
1
1
1
1
1
1
1
1
1
1
1
1
1
1
1
1
1
1
1
1
1
1
1
1
1
1
1
1
1
1
1
1
1
1
1
1
1
1
1
1
1
1
1
1
1
1
1
1
1
1
1
1
1
1
1
1
1
1
1
1
1
1
1
1
1
1
1
1
1
1
1
1
1
1
1
1
1
1
1
1
1
1
1
1
1
1
1
1
1
1
1
1
1
1
1
1
1
1
1
1
1
1
1
1
1
1
1
1
1
1
1
1
1
1
1
1
1
1
1
1
1
1
1
1
1
1
1
1
1
1
1
1
1
1
1
1
1
1
1
1
1
1
1
1
1
1
1
1
1
1
1
1
1
1
1
1
1
1
1
1
1
1
1
1
1
1
1
1
1
1
1
1
1
1
1
1
1
1
1
1
1
1
1
1
1
1
1
1
1
1
1
1
1
1
1
1
1
1
1
1
1
1
1
1
1
1
1
1
1
1
1
1
1
1
1
1
1
1
1
1
1
1
1
1
1
1
1
1
1
1
1
1
1
1
1
1
1
1
1
1
1
1
1
1
1
1
1
1
1
1
1
1
1
1
1
1
1
1
1
1
1
1
1
1
1
1
1
1
1
1
1
1
1
1
1
1
1
1
1
1
1
1
1
1
1
1
1
1
1
1
1
1
1
1
1
1
1
1
1
1
1
1
1
1
1
1
1
1
1
1
1
1
1
1
1
1
1
1
1
1
1
1
1
1
1
1
1
1
1
1
1
1
1
1
1
1
1
1
1
1
1
1
1
1
1
1
1
1
1
1
1
1
1
1
1
1
1
1
1
1
1
1
1
1
1
1
1
1
1
1
1
1
1
1
1
1
1
1
1
1
1
1
1
1
1
1
1
1
1
1
1
1
1
1
1
1
1
1
1
1
1
1
1
1
1
1
1
1
1
1
1
1
1
1
1
1
1
1
1
1
1
1
1
1
1
1
1
1
1
1
1
1
1
1
1
1
1
1
1
1
1
1
1
1
1
1
1
1
1
1
1
1
1
1
1
1
1
1
1
1
1
1
1
1
1
1
1
1
1
1
1
1
1
1
1
1
1
1
1
1
1
1
1
1
1
1
1
1
1
1
1
1
1
1
1
1
1
1
1
1
1
1
1
1
1
1
1
1
1
1
1
1
1
1
1
1
1
1
1
1
1
1
1
1
1
1
1
1
1
1
1
1
1
1
1
1
1
1
1
1
1
1
1
1
1
1
1
1
1
1
1
1
1
1
1
1
1
1
1
1
1
1
1
1
1
1
1
1
1
1
1
1
1
1
1
1
1
1
1
1
1
1
1
1
1
1
1
1
1
1
1
1
1
1
1
1
1
1
1
1
1
1
1
1
1
1
1
1
1
1
1
1
1
1
1
1
1
1
1
1
1
1
1
1
1
1
1
1
1
1
1
1
1
1
1
1
1
1
1
1
1
1
1
1
1
1
1
1
1
1
1
1
1
1
1
1
1
1
1
1
1
1
1
1
1
1
1
1
1
1
1
1
1
1
1
1
1
1
1
1
1
1
1
1
1
1
1
1
1
1
1
1
1
1
1
1
1
1
1
1
1
1
1
1
1
1
1
1
1
1
1
1
1
1
1
1
1
1
1
1
1
1
1
1
1
1
1
1
1
1
1
1
1
1
1
1
1
1
1
1
1
1
1
1
1
1
1
1
1
1
1
1
1
1
1
1
1
1
1
1
1
1
1
1
1
1
1
1
1
1
1
1
1
1
1
1
1
1
1
1
1
1
1
1
1
1
1
1
1
1
1
1
1
1
1
1
1
1
1
1
1
1
1
1
1
1
1
1
1
1
1
1
1
1
1
1
1
1
1
1
1
1
1
1
1
1
1
1
1
1
1
1
1
1
1
1
1
1
1
1
1
1
1
1
1
1
1
1
1
1
1
1
1
1
1
)
;

boundaryField
{
    inlet
    {
        type            fixedValue;
        value           uniform 1;
    }
    outlet
    {
        type            zeroGradient;
    }
    bottom
    {
        type            symmetryPlane;
    }
    top
    {
        type            symmetryPlane;
    }
    obstacle
    {
        type            zeroGradient;
    }
    defaultFaces
    {
        type            empty;
    }
}


// ************************************************************************* //
