/*--------------------------------*- C++ -*----------------------------------*\
| =========                 |                                                 |
| \\      /  F ield         | OpenFOAM: The Open Source CFD Toolbox           |
|  \\    /   O peration     | Version:  2206                                  |
|   \\  /    A nd           | Website:  www.openfoam.com                      |
|    \\/     M anipulation  |                                                 |
\*---------------------------------------------------------------------------*/
FoamFile
{
    version     2.0;
    format      ascii;
    arch        "LSB;label=32;scalar=64";
    class       volScalarField;
    location    "0.08";
    object      T;
}
// * * * * * * * * * * * * * * * * * * * * * * * * * * * * * * * * * * * * * //

dimensions      [0 0 0 1 0 0 0];

internalField   nonuniform List<scalar> 
4800
(
1
1
1
1
1
1
1
1
1
1
1
1
1
1
1
1
1
1
1
1
1
1
1
1
1
1
1
1
1
1
1
1
1
1
1
1
1
1
1
1
1
1
1
1
1
1
1
1
1
1
1
1
1
1
1
1
1
1
1
1
1
1
1
1
1
1
1
1
1
1
1
1
1
1
1
1
1
1
1
1
1
1
1
1
1
1
1
1
1
1
1
1
1
1
1
1
1
1
1
1
1
1
1
1
1
1
1
1
1
1
1
1
1
1
1
1
1
1
1
1
1
1
1
1
1
1
1
1
1
1
1
1
1
1
1
1
1
1
1
1
1
1
1
1
1
1
1
1
1
1
1
1
1
1
1
1
1
1
1
1
1
1
1
1
1
1
1
1
1
1
1
1
1
1
1
1
1
1
1
1
1
1
1
1
1
1
1
1
1
1
1
1
1
1
1
1
1
1
1
1
1
1
1
1
1
1
1
1
1
1
1
1
1
1
1
1
1
1
1
1
1
1
1
1
1
1
1
1
1
1
1
1
1
1
1
1
1
1
1
1
1
1
1
1
1
1
1
1
1
1
1
1
1
1
1
1
1
1
1
1
1
1
1
1
1
1
1
1
1
1
1
1
1
1
1
1
1
1
1
1
1
1
1
1
1
1
1
1
1
1
1
1
1
1
1
1
1
1
1
1
1
1
1
1
1
1
1
1
1
1
1
1
1
1
1
1
1
1
1
1
1
1
1
1
1
1
1
1
1
1
1
1
1
1
1
1
1
1
1
1
1
1
1
1
1
1
1
1
1
1
1
1
1
1
1
1
1
1
1
1
1
1
1
1
1
1
1
1
1
1
1
1
1
1
1
1
1
1
1
1
1
1
1
1
1
1
1
1
1
1
1
1
1
1
1
1
1
1
1
1
1
1
1
1
1
1
1
1
1
1
1
1
1
1
1
1
1
1
1
1
1
1
1
1
1
1
1
1
1
1
1
1
1
1
1
1
1
1
1
1
1
1
1
1
1
1
1
1
1
1
1
1
1
1
1
1
1
1
1
1
1
1
1
1
1
1
1
1
1
1
1
1
1
1
1
1
1
1
1
1
1
1
1
1
1
1
1
1
1
1
1
1
1
1
1
1
1
1
1
1
1
1
1
1
1
1
1
1
1
1
1
1
1
1
1
1
1
1
1
1
1
1
1
1
1
1
1
1
1
1
1
1
1
1
1
1
1
1
1
1
1
1
1
1
1
1
1
1
1
1
1
1
1
1
1
1
1
1
1
1
1
1
1
1
1
1
1
1
1
1
1
1
1
1
1
1
1
1
1
1
1
1
1
1
1
1
1
1
1
1
1
1
1
1
1
1
1
1
1
1
1
1
1
1
1
1
1
1
1
1
1
1
1
1
1
1
1
1
1
1
1
1
1
1
1
1
1
1
1
1
1
1
1
1
1
1
1
1
1
1
1
1
1
1
1
1
1
1
1
1
1
1
1
1
1
1
1
1
1
1
1
1
1
1
1
1
1
1
1
1
1
1
1
1
1
1
1
1
1
1
1
1
1
1
1
1
1
1
1
1
1
1
1
1
1
1
1
1
1
1
1
1
1
1
1
1
1
1
1
1
1
1
1
1
1
1
1
1
1
1
1
1
1
1
1
1
1
1
1
1
1
1
1
1
1
1
1
1
1
1
1
1
1
1
1
1
1
1
1
1
1
1
1
1
1
1
1
1
1
1
1
1
1
1
1
1
1
1
1
1
1
1
1
1
1
1
1
1
1
1
1
1
1
1
1
1
1
1
1
1
1
1
1
1
1
1
1
1
1
1
1
1
1
1
1
1
1
1
1
1
1
1
1
1
1
1
1
1
1
1
1
1
1
1
1
1
1
1
1
1
1
1
1
1
1
1
1
1
1
1
1
1
1
1
1
1
1
1
1
1
1
1
1
1
1
1
1
1
1
1
1
1
1
1
1
1
1
1
1
1
1
1
1
1
1
1
1
1
1
1
1
1
1
1
1
1
1
1
1
1
1
1
1
1
1
1
1
1
1
1
1
1
1
1
1
1
1
1
1
1
1
1
1
1
1
1
1
1
1
1
1
1
1
1
1
1
1
1
1
1
1
1
1
1
1
1
1
1
1
1
1
1
1
1
1
1
1
1
1
1
1
1
1
1
1
1
1
1
1
1
1
1
1
1
1
1
1
1
1
1
1
1
1
1
1
1
1
1
1
1
1
1
1
1
1
1
1
1
1
1
1
1
1
1
1
1
1
1
1
1
1
1
1
1
1
1
1
1
1
1
1
1
1
1
1
1
1
1
1
1
1
1
1
1
1
1
1
1
1
1
1
1
1
1
1
1
1
1
1
1
1
1
1
1
1
1
1
1
1
1
1
1
1
1
1
1
1
1
1
1
1
1
1
1
1
1
1
1
1
1
1
1
1
1
1
1
1
1
1
1
1
1
1
1
1
1
1
1
1
1
1
1
1
1
1
1
1
1
1
1
1
1
1
1
1
1
1
1
1
1
1
1
1
1
1
1
1
1
1
1
1
1
1
1
1
1
1
1
1
1
1
1
1
1
1
1
1
1
1
1
1
1
1
1
1
1
1
1
1
1
1
1
1
1
1
1
1
1
1
1
1
1
1
1
1
1
1
1
1
1
1
1
1
1
1
1
1
1
1
1
1
1
1
1
1
1
1
1
1
1
1
1
1
1
1
1
1
1
1
1
1
1
1
1
1
1
1
1
1
1
1
1
1
1
1
1
1
1
1
1
1
1
1
1
1
1
1
1
1
1
1
1
1
1
1
1
1
1
1
1
1
1
1
1
1
1
1
1
1
1
1
1
1
1
1
1
1
1
1
1
1
1
1
1
1
1
1
1
1
1
1
1
1
1
1
1
1
1
1
1
1
1
1
1
1
1
1
1
1
1
1
1
1
1
1
1
1
1
1
1
1
1
1
1
1
1
1
1
1
1
1
1
1
1
1
1
1
1
1
1
1
1
1
1
1
1
1
1
1
1
1
1
1
1
1
1
1
1
1
1
1
1
1
1
1
1
1
1
1
1
1
1
1
1
1
1
1
1
1
1
1
1
1
1
1
1
1
1
1
1
1
1
1
1
1
1
1
1
1
1
1
1
1
1
1
1
1
1
1
1
1
1
1
1
1
1
1
1
1
1
1
1
1
1
1
1
1
1
1
1
1
1
1
1
1
1
1
1
1
1
1
1
1
1
1
1
1
1
1
1
1
1
1
1
1
1
1
1
1
1
1
1
1
1
1
1
1
1
1
1
1
1
1
1
1
1
1
1
1
1
1
1
1
1
1
1
1
1
1
1
1
1
1
1
1
1
1
1
1
1
1
1
1
1
1
1
1
1
1
1
1
1
1
1
1
1
1
1
1
1
1
1
1
1
1
1
1
1
1
1
1
1
1
1
1
1
1
1
1
1
1
1
1
1
1
1
1
1
1
1
1
1
1
1
1
1
1
1
1
1
1
1
1
1
1
1
1
1
1
1
1
1
1
1
1
1
1
1
1
1
1
1
1
1
1
1
1
1
1
1
1
1
1
1
1
1
1
1
1
1
1
1
1
1
1
1
1
1
1
1
1
1
1
1
1
1
1
1
1
1
1.069
1.16192
1.25555
1.35114
1.43467
1.54145
1.66845
1.7654
1.8267
1.90328
2.04078
2.15016
2.19085
2.22213
2.28278
2.35536
2.37681
2.37836
2.37611
2.36586
2.34365
2.29903
2.24095
2.19509
2.15897
2.11943
2.07794
2.05184
2.04733
2.0426
2.03194
2.03322
2.04237
2.05707
2.06765
2.07331
2.07729
2.08535
2.10009
2.11101
2.11136
2.10915
2.1053
2.1042
2.10493
2.10771
2.11209
2.12045
2.1283
2.13183
2.13242
2.13093
2.12432
2.11463
2.10928
2.10879
2.11166
2.122
2.13324
2.13821
2.13879
2.13708
2.13168
2.12263
2.11306
2.10938
2.10992
2.1156
2.12791
2.13912
2.14581
2.14787
2.14691
2.14135
2.13077
2.11857
2.11209
2.11079
2.11143
2.1207
1
1
1
1
0.999963
0.999284
0.998903
1.05857
1.14514
1.16785
1.24514
1.40004
1.54404
1.59249
1.64863
1.77719
1.87006
1.90132
1.94054
1.98123
2.01618
2.03364
2.04476
2.12409
2.17478
2.16138
2.15924
2.16105
2.16305
2.16316
2.15752
2.14223
2.13017
2.12131
2.11218
2.09579
2.09069
2.09209
2.09803
2.10751
2.11252
2.11433
2.11662
2.11881
2.12041
2.12198
2.12214
2.12192
2.12337
2.12903
2.13385
2.13428
2.13217
2.13042
2.13002
2.12862
2.12683
2.12651
2.12652
2.13021
2.13652
2.13887
2.13786
2.1346
2.13294
2.1305
2.12938
2.12984
2.13082
2.13109
2.13414
2.13974
2.14234
2.14161
2.13712
2.13463
2.13301
2.1323
2.13294
2.13525
1
1
1
1
1
1
0.999998
0.999998
1
1
1
1
1
0.999217
1.00147
1.04754
1.17999
1.26377
1.37549
1.59001
1.77017
1.93725
2.09412
2.22168
2.29162
2.28597
2.27942
2.27774
2.27535
2.27115
2.2628
2.24512
2.22084
2.18927
2.16365
2.13841
2.12796
2.12791
2.13182
2.13598
2.1397
2.1448
2.14944
2.15413
2.15453
2.15427
2.15375
2.15024
2.14534
2.14464
2.14508
2.14853
2.15738
2.16098
2.16078
2.15961
2.15586
2.14799
2.14204
2.14074
2.14145
2.14781
2.15689
2.1597
2.1592
2.15789
2.15562
2.15152
2.14578
2.14189
2.13997
2.13926
2.14138
2.14922
2.15669
2.1587
2.15914
2.15947
2.1592
2.15425
1
1
1
1
1
1
1
1
1
1
1
1
1
1
1
1
1
1
1
0.998986
1.01302
1.13171
1.38323
1.62685
1.89767
2.02869
2.13197
2.21697
2.22918
2.25223
2.25156
2.23308
2.22619
2.24236
2.24981
2.24271
2.22925
2.22132
2.21427
2.20484
2.19379
2.18599
2.18142
2.18029
2.1821
2.18212
2.1794
2.17661
2.1721
2.17108
2.1719
2.17507
2.18718
2.19906
2.20134
2.20044
2.19346
2.1785
2.16668
2.1637
2.16366
2.16601
2.17385
2.18416
2.18974
2.19067
2.18822
2.18079
2.17044
2.16222
2.15717
2.15508
2.15558
2.15941
2.16922
2.18008
2.18456
2.18491
2.18308
2.17362
1
1
1
1
1
1
1
1
1
1
1
1
1
1
1
1
1
1
1
1
1
1
1
0.998924
1.03029
1.16934
1.3206
1.57436
1.84361
2.04052
2.16542
2.2048
2.25758
2.31252
2.31818
2.31724
2.31565
2.30806
2.29376
2.27131
2.23484
2.20733
2.20469
2.20862
2.21674
2.21871
2.21572
2.20953
2.2014
2.19574
2.19548
2.19846
2.20765
2.21888
2.22294
2.22344
2.22108
2.2108
2.19859
2.19488
2.1943
2.1943
2.19563
2.2013
2.20874
2.21306
2.21335
2.20855
2.19769
2.18836
2.18421
2.18181
2.18103
2.18131
2.18422
2.19037
2.19811
2.20195
2.2023
2.1945
1
1
1
1
1
1
1
1
1
1
1
1
1
1
1
1
1
1
1
1
1
1
1
1
0.999999
1
0.999999
0.998958
1.03997
1.12238
1.33788
1.62913
1.80242
1.96196
2.06381
2.16855
2.26427
2.26822
2.26703
2.25592
2.23535
2.22916
2.22937
2.23665
2.24747
2.25287
2.25157
2.24536
2.23647
2.22478
2.21235
2.21002
2.21175
2.21764
2.22255
2.22629
2.2288
2.22979
2.23106
2.23055
2.22898
2.22531
2.22097
2.21797
2.21746
2.21772
2.21987
2.22253
2.22281
2.22144
2.21963
2.21688
2.21134
2.20927
2.2094
2.20919
2.20764
2.20568
2.20576
2.20746
1
1
1
1
1
1
1
1
1
1
1
1
1
1
1
1
1
1
1
1
1
1
1
1
1
1
1
1
1
1
1
0.998919
1.00948
1.11418
1.36655
1.5797
1.8122
1.9665
2.10589
2.21945
2.22957
2.24078
2.2593
2.2598
2.25802
2.25851
2.25767
2.254
2.2465
2.23608
2.22528
2.21825
2.21587
2.21474
2.21467
2.21572
2.22118
2.23338
2.24539
2.25138
2.25203
2.24927
2.23819
2.2249
2.21838
2.21635
2.21687
2.22469
2.23715
2.24333
2.24479
2.24419
2.24043
2.23168
2.22209
2.21785
2.21351
2.2105
2.20971
2.21368
1
1
1
1
1
1
1
1
1
1
1
1
1
1
1
1
1
1
1
1
1
1
1
1
1
1
1
1
1
1
1
1
1
1
0.999986
0.998872
1.0418
1.20148
1.3545
1.60544
1.82333
2.00752
2.13623
2.15577
2.17739
2.18854
2.19459
2.2082
2.22389
2.24298
2.24747
2.24467
2.23301
2.21566
2.20621
2.20605
2.20886
2.2179
2.23586
2.24702
2.2488
2.24762
2.23804
2.22313
2.21707
2.21622
2.21788
2.22368
2.2331
2.24574
2.25222
2.25246
2.24905
2.2443
2.23824
2.22829
2.22163
2.21816
2.21705
2.21873
1
1
1
1
1
1
1
1
1
1
1
1
1
1
1
1
1
1
1
1
1
1
1
1
1
1
1
1
1
1
1
1
1
1
1
1
1
1
0.99936
1.00285
1.0786
1.21876
1.48282
1.74028
1.90172
1.99748
2.05936
2.12122
2.17919
2.22399
2.23978
2.23732
2.22774
2.21424
2.20204
2.1949
2.1949
2.19808
2.20661
2.22229
2.23352
2.23614
2.23722
2.23568
2.22807
2.22278
2.22055
2.22147
2.22704
2.23113
2.23573
2.23905
2.24071
2.24268
2.24392
2.24421
2.24101
2.23201
2.22382
2.22404
1
1
1
1
1
1
1
1
1
1
1
1
1
1
1
1
1
1
1
1
1
1
1
1
1
1
1
1
1
1
1
1
1
1
1
1
1
1
1
1
1
0.999851
0.999198
1.03956
1.10026
1.28603
1.57226
1.77152
1.90733
1.99805
2.11632
2.17476
2.18847
2.1937
2.19917
2.20264
2.19037
2.17963
2.18191
2.19001
2.19864
2.20909
2.21733
2.2194
2.22222
2.22716
2.22896
2.22812
2.22193
2.21803
2.21662
2.21458
2.21506
2.22384
2.23742
2.24344
2.24684
2.24724
2.24457
2.23579
1
1
1
1
1
1
1
1
1
1
1
1
1
1
1
1
1
1
1
1
1
1
1
1
1
1
1
1
1
1
1
1
1
1
1
1
1
1
1
1
1
1
1
1
1
0.999397
1.00463
1.04787
1.25032
1.48367
1.67363
1.86615
1.97656
2.08267
2.16042
2.17733
2.17687
2.18273
2.1823
2.1724
2.16019
2.15844
2.1668
2.19394
2.20907
2.21409
2.22058
2.22896
2.22936
2.21449
2.19636
2.19303
2.19418
2.20313
2.21931
2.23585
2.24067
2.24087
2.24095
2.23918
1
1
1
1
1
1
1
1
1
1
1
1
1
1
1
1
1
1
1
1
1
1
1
1
1
1
1
1
1
1
1
1
1
1
1
1
1
1
1
1
1
1
1
1
1
1
1
1
0.999907
1.00107
1.02178
1.20115
1.44181
1.61955
1.79037
1.9515
2.11927
2.15784
2.15816
2.15529
2.14278
2.12633
2.13178
2.15641
2.18428
2.19637
2.20409
2.21341
2.21627
2.21256
2.19914
2.18543
2.18268
2.18815
2.20433
2.21137
2.21479
2.21893
2.22616
2.2304
1
1
1
1
1
1
1
1
1
1
1
1
1
1
1
1
1
1
1
1
1
1
1
1
1
1
1
1
1
1
1
1
1
1
1
1
1
1
1
1
1
1
1
1
1
1
1
1
1
1
1
0.999998
0.999315
1.01936
1.16347
1.38034
1.66722
1.85051
2.00675
2.10382
2.1186
2.1184
2.13483
2.14673
2.1481
2.14533
2.15044
2.17133
2.18876
2.18714
2.17994
2.18134
2.19016
2.2004
2.20071
2.19443
2.19239
2.19329
2.19701
2.21049
1
1
1
1
1
1
1
1
1
1
1
1
1
1
1
1
1
1
1
1
1
1
1
1
1
1
1
1
1
1
1
1
1
1
1
1
1
1
1
1
1
1
1
1
1
1
1
1
1
1
1
1
1
1
0.999965
0.999172
1.04583
1.22752
1.40747
1.64938
1.83597
2.01617
2.10832
2.13423
2.13373
2.12328
2.11378
2.12119
2.14012
2.15467
2.16217
2.17075
2.18629
2.20247
2.20818
2.20428
2.18255
2.1713
2.17294
2.18396
1
1
1
1
1
1
1
1
1
1
1
1
1
1
1
1
1
1
1
1
1
1
1
1
1
1
1
1
1
1
1
1
1
1
1
1
1
1
1
1
1
1
1
1
1
1
1
1
1
1
1
1
1
1
1
1
1
0.99997
0.999715
1.04152
1.23362
1.47055
1.70844
1.93794
2.11663
2.12663
2.11716
2.12487
2.12282
2.11991
2.11696
2.12679
2.1606
2.19066
2.19349
2.18663
2.17779
2.17182
2.16576
2.16568
1
1
1
1
1
1
1
1
1
1
1
1
1
1
1
1
1
1
1
1
1
1
1
1
1
1
1
1
1
1
1
1
1
1
1
1
1
1
1
1
1
1
1
1
1
1
1
1
1
1
1
1
1
1
1
1
1
1
1
1
0.999431
1.00685
1.10175
1.30186
1.65041
1.87399
2.02006
2.07387
2.10805
2.1143
2.10545
2.10355
2.12449
2.15118
2.15893
2.15891
2.16144
2.165
2.17158
2.17187
1
1
1
1
1
1
1
1
1
1
1
1
1
1
1
1
1
1
1
1
1
1
1
1
1
1
1
1
1
1
1
1
1
1
1
1
1
1
1
1
1
1
1
1
1
1
1
1
1
1
1
1
1
1
1
1
1
1
1
1
1
1
0.999961
0.999708
1.04303
1.2843
1.48323
1.652
1.91295
2.11148
2.12866
2.12991
2.15038
2.13891
2.12207
2.10949
2.11635
2.1447
2.16509
2.16684
1
1
1
1
1
1
1
1
1
1
1
1
1
1
1
1
1
1
1
1
1
1
1
1
1
1
1
1
1
1
1
1
1
1
1
1
1
1
1
1
1
1
1
1
1
1
1
1
1
1
1
1
1
1
1
1
1
1
1
1
1
1
1
1
1
0.999857
1.00833
1.07808
1.27699
1.71726
1.97021
2.10774
2.13107
2.12471
2.11009
2.10002
2.10906
2.13765
2.15596
2.15572
1
1
1
1
1
1
1
1
1
1
1
1
1
1
1
1
1
1
1
1
1
1
1
1
1
1
1
1
1
1
1
1
1
1
1
1
1
1
1
1
1
1
1
1
1
1
1
1
1
1
1
1
1
1
1
1
1
1
1
1
1
1
1
1
1
1
1
0.999827
1.00087
1.11646
1.50079
1.69442
1.84707
2.03163
2.08976
2.11036
2.14167
2.16936
2.16898
2.15569
1
1
1
1
1
1
1
1
1
1
1
1
1
1
1
1
1
1
1
1
1
1
1
1
1
1
1
1
1
1
1
1
1
1
1
1
1
1
1
1
1
1
1
1
1
1
1
1
1
1
1
1
1
1
1
1
1
1
1
1
1
1
1
1
1
1
1
1
0.999992
0.999899
1.01166
1.07917
1.23024
1.52593
1.85661
2.00871
2.12708
2.15828
2.15835
2.15308
1
1
1
1
1
1
1
1
1
1
1
1
1
1
1
1
1
1
1
1
1
1
1
1
1
1
1
1
1
1
1
1
1
1
1
1
1
1
1
1
1
1
1
1
1
1
1
1
1
1
1
1
1
1
1
1
1
1
1
1
1
1
1
1
1
1
1
1
1
1
1
0.999957
1.0005
1.01941
1.33023
1.73987
1.95225
2.04061
2.06916
2.11727
1
1
1
1
1
1
1
1
1
1
1
1
1
1
1
1
1
1
1
1
1
1
1
1
1
1
1
1
1
1
1
1
1
1
1
1
1
1
1
1
1
1
1
1
1
1
1
1
1
1
1
1
1
1
1
1
1
1
1
1
1
1
1
1
1
1
1
1
1
1
1
0.999998
0.999998
0.999959
1.00892
1.12945
1.34871
1.68289
1.92927
2.07488
1
1
1
1
1
1
1
1
1
1
1
1
1
1
1
1
1
1
1
1
1
1
1
1
1
1
1
1
1
1
1
1
1
1
1
1
1
1
1
1
1
1
1
1
1
1
1
1
1
1
1
1
1
1
1
1
1
1
1
1
1
1
1
1
1
1
1
1
1
1
1
1
1
0.999999
0.999996
1.00014
1.00565
1.07733
1.39663
1.94841
1
1
1
1
1
1
1
1
1
1
1
1
1
1
1
1
1
1
1
1
1
1
1
1
1
1
1
1
1
1
1
1
1
1
1
1
1
1
1
1
1
1
1
1
1
1
1
1
1
1
1
1
1
1
1
1
1
1
1
1
1
1
1
1
1
1
1
1
1
1
1
1
1
1
1
1
0.999988
1.0001
1.01319
1.50003
1
1
1
1
1
1
1
1
1
1
1
1
1
1
1
1
1
1
1
1
1
1
1
1
1
1
1
1
1
1
1
1
1
1
1
1
1
1
1
1
1
1
1
1
1
1
1
1
1
1
1
1
1
1
1
1
1
1
1
1
1
1
1
1
1
1
1
1
1
1
1
1
1
1
1
1
1
0.999999
1.00003
1.04399
1
1
1
1
1
1
1
1
1
1
1
1
1
1
1
1
1
1
1
1
1
1
1
1
1
1
1
1
1
1
1
1
1
1
1
1
1
1
1
1
1
1
1
1
1
1
1
1
1
1
1
1
1
1
1
1
1
1
1
1
1
1
1
1
1
1
1
1
1
1
1
1
1
1
1
1
1
1
1
1.00031
1
1
1
1
1
1
1
1
1
1
1
1
1
1
1
1
1
1
1
1
1
1
1
1
1
1
1
1
1
1
1
1
1
1
1
1
1
1
1
1
1
1
1
1
1
1
1
1
1
1
1
1
1
1
1
1
1
1
1
1
1
1
1
1
1
1
1
1
1
1
1
1
1
1
1
1
1
1
1
1
1
1
1
1
1
1
1
1
1
1
1
1
1
1
1
1
1
1
1
1
1
1
1
1
1
1
1
1
1
1
1
1
1
1
1
1
1
1
1
1
1
1
1
1
1
1
1
1
1
1
1
1
1
1
1
1
1
1
1
1
1
1
1
1
1
1
1
1
1
1
1
1
1
1
1
1
1
1
1
1
1
1
1
1
1
1
1
1
1
1
1
1
1
1
1
1
1
1
1
1
1
1
1
1
1
1
1
1
1
1
1
1
1
1
1
1
1
1
1
1
1
1
1
1
1
1
1
1
1
1
1
1
1
1
1
1
1
1
1
1
1
1
1
1
1
1
1
1
1
1
1
1
1
1
1
1
1
1
1
1
1
1
1
1
1
1
1
1
1
1
1
1
1
1
1
1
1
1
1
1
1
1
1
1
1
1
1
1
1
1
1
1
1
1
1
1
1
1
1
1
1
1
1
1
1
1
1
1
1
1
1
1
1
1
1
1
1
1
1
1
1
1
1
1
1
1
1
1
1
1
1
1
1
1
1
1
1
1
1
1
1
1
1
1
1
1
1
1
1
1
1
1
1
1
1
1
1
1
1
1
1
1
1
1
1
1
1
1
1
1
1
1
1
1
1
1
1
1
1
1
1
1
1
1
1
1
1
1
1
1
1
1
1
1
1
1
1
1
1
1
1
1
1
1
1
1
1
1
1
1
1
1
1
1
1
1
1
1
1
1
1
1
1
1
1
1
1
1
1
1
1
1
1
1
1
1
1
1
1
1
1
1
1
1
1
1
1
1
1
1
1
1
1
1
1
1
1
1
1
1
1
1
1
1
1
1
1
1
1
1
1
1
1
1
1
1
1
1
1
1
1
1
1
1
1
1
1
1
1
1
1
1
1
1
1
1
1
1
1
1
1
1
1
1
1
1
1
1
1
1
1
1
1
1
1
1
1
1
1
1
1
1
1
1
1
1
1
1
1
1
1
1
1
1
1
1
1
1
1
1
1
1
1
1
1
1
1
1
1
1
1
1
1
1
1
1
1
1
1
1
1
1
1
1
1
1
1
1
1
1
1
1
1
1
1
1
1
1
1
1
1
1
1
1
1
1
1
1
1
1
1
1
1
1
1
1
1
1
1
1
1
1
1
1
1
1
1
1
1
1
1
1
1
1
1
1
1
1
1
1
1
1
1
1
1
1
1
1
1
1
1
1
1
1
1
1
1
1
1
1
1
1
1
1
1
1
1
1
1
1
1
1
1
1
1
1
1
1
1
1
1
1
1
1
1
1
1
1
1
1
1
1
1
1
1
1
1
1
1
1
1
1
1
1
1
1
1
1
1
1
1
1
1
1
1
1
1
1
1
1
1
1
1
1
1
1
1
1
1
1
1
1
1
1
1
1
1
1
1
1
1
1
1
1
1
1
1
1
1
1
1
1
1
1
1
1
1
1
1
1
1
1
1
1
1
1
1
1
1
1
1
1
1
1
1
1
1
1
1
1
1
1
1
1
1
1
1
1
1
1
1
1
1
1
1
1
1
1
1
1
1
1
1
1
1
1
1
1
1
1
1
1
1
1
1
1
1
1
1
1
1
1
1
1
1
1
1
1
1
1
1
1
1
1
1
1
1
1
1
1
1
1
1
1
1
1
1
1
1
1
1
1
1
1
1
1
1
1
1
1
1
1
1
1
1
1
1
1
1
1
1
1
1
1
1
1
1
1
1
1
1
1
1
1
1
1
1
1
1
1
1
1
1
1
1
1
1
1
1
1
1
1
1
1
1
1
1
1
1
1
1
1
1
1
1
1
1
1
1
1
1
1
1
1
1
1
1
1
1
1
1
1
1
1
1
1
1
1
1
1
1
1
1
1
1
1
1
1
1
1
1
1
1
1
1
1
1
1
1
1
1
1
1
1
1
1
1
1
1
1
1
1
1
1
1
1
1
1
1
1
1
1
1
1
1
1
1
1
1
1
1
1
1
1
1
1
1
1
1
1
1
1
1
1
1
1
1
1
1
1
1
1
1
1
1
1
1
1
1
1
1
1
1
1
1
1
1
1
1
1
1
1
1
1
1
1
1
1
1
1
1
1
1
1
1
1
1
1
1
1
1
1
1
1
1
1
1
1
1
1
1
1
1
1
1
1
1
1
1
1
1
1
1
1
1
1
1
1
1
1
1
1
1
1
1
1
1
1
1
1
1
1
1
1
1
1
1
1
1
1
1
1
1
1
1
1
1
1
1
1
1
1
1
1
1
1
1
1
1
1
1
1
1
1
1
1
1
1
1
1
1
1
1
1
1
1
1
1
1
1
1
1
1
1
1
1
1
1
1
1
1
1
1
1
1
1
1
1
1
1
)
;

boundaryField
{
    inlet
    {
        type            fixedValue;
        value           uniform 1;
    }
    outlet
    {
        type            zeroGradient;
    }
    bottom
    {
        type            symmetryPlane;
    }
    top
    {
        type            symmetryPlane;
    }
    obstacle
    {
        type            zeroGradient;
    }
    defaultFaces
    {
        type            empty;
    }
}


// ************************************************************************* //
