/*--------------------------------*- C++ -*----------------------------------*\
| =========                 |                                                 |
| \\      /  F ield         | OpenFOAM: The Open Source CFD Toolbox           |
|  \\    /   O peration     | Version:  2206                                  |
|   \\  /    A nd           | Website:  www.openfoam.com                      |
|    \\/     M anipulation  |                                                 |
\*---------------------------------------------------------------------------*/
FoamFile
{
    version     2.0;
    format      ascii;
    arch        "LSB;label=32;scalar=64";
    class       volScalarField;
    location    "0.04";
    object      p;
}
// * * * * * * * * * * * * * * * * * * * * * * * * * * * * * * * * * * * * * //

dimensions      [1 -1 -2 0 0 0 0];

internalField   nonuniform List<scalar> 
4800
(
1
1
1
1
1
1
1
1
1
1
1
1
1
1
1
1
1
1
1
1
1
1
1
1
1
1
1
1
1
1
1
1
1
1
1
1
1
1
1
1
1
1
1
1
1
1
1
1
1
1
1
1
1
1
1
1
1
1
1
1
1
1
1
1
1
1
1
1
1
1
1
1
1
1
1
1
1
1
1
1
1
1
1
1
1
1
1
1
1
1
1
1
1
1
1
1
1
1
1
1
1
1
1
1
1
1
1
1
1
1
1
1
1
1
1
1
1
1
1
1
1
1
1
1
1
1
1
1
1
1
1
1
1
1
1
1
1
1
1
1
1
1
1
1
1
1
1
1
1
1
1
1
1
1
1
1
1
1
1
1
1
1
1
1
1
1
1
1
1
1
1
1
1
1
1
1
1
1
1
1
1
1
1
1
1
1
1
1
1
1
1
1
1
1
1
1
1
1
1
1
1
1
1
1
1
1
1
1
1
1
1
1
1
1
1
1
1
1
1
1
1
1
1
1
1
1
1
1
1
1
1
1
1
1
1
1
1
1
1
1
1
1
1
1
1
1
1
1
1
1
1
1
1
1
1
1
1
1
1
1
1
1
1
1
1
1
1
1
1
1
1
1
1
1
1
1
1
1
1
1
1
1
1
1
1
1
1
1
1
1
1
1
1
1
1
1
1
1
1
1
1
1
1
1
1
1
1
1
1
1
1
1
1
1
1
1
1
1
1
1
1
1
1
1
1
1
1
1
1
1
1
1
1
1
1
1
1
1
1
1
1
1
1
1
1
1
1
1
1
1
1
1
1
1
1
1
1
1
1
1
1
1
1
1
1
1
1
1
1
1
1
1
1
1
1
1
1
1
1
1
1
1
1
1
1
1
1
1
1
1
1
1
1
1
1
1
1
1
1
1
1
1
1
1
1
1
1
1
1
1
1
1
1
1
1
1
1
1
1
1
1
1
1
1
1
1
1
1
1
1
1
1
1
1
1
1
1
1
1
1
1
1
1
1
1
1
1
1
1
1
1
1
1
1
1
1
1
1
1
1
1
1
1
1
1
1
1
1
1
1
1
1
1
1
1
1
1
1
1
1
1
1
1
1
1
1
1
1
1
1
1
1
1
1
1
1
1
1
1
1
1
1
1
1
1
1
1
1
1
1
1
1
1
1
1
1
1
1
1
1
1
1
1
1
1
1
1
1
1
1
1
1
1
1
1
1
1
1
1
1
1
1
1
1
1
1
1
1
1
1
1
1
1
1
1
1
1
1
1
1
1
1
1
1
1
1
1
1
1
1
1
1
1
1
1
1
1
1
1
1
1
1
1
1
1
1
1
1
1
1
1
1
1
1
1
1
1
1
1
1
1
1
1
1
1
1
1
1
1
1
1
1
1
1
1
1
1
1
1
1
1
1
1
1
1
1
1
1
1
1
1
1
1
1
1
1
1
1
1
1
1
1
1
1
1
1
1
1
1
1
1
1
1
1
1
1
1
1
1
1
1
1
1
1
1
1
1
1
1
1
1
1
1
1
1
1
1
1
1
1
1
1
1
1
1
1
1
1
1
1
1
1
1
1
1
1
1
1
1
1
1
1
1
1
1
1
1
1
1
1
1
1
1
1
1
1
1
1
1
1
1
1
1
1
1
1
1
1
1
1
1
1
1
1
1
1
1
1
1
1
1
1
1
1
1
1
1
1
1
1
1
1
1
1
1
1
1
1
1
1
1
1
1
1
1
1
1
1
1
1
1
1
1
1
1
1
1
1
1
1
1
1
1
1
1
1
1
1
1
1
1
1
1
1
1
1
1
1
1
1
1
1
1
1
1
1
1
1
1
1
1
1
1
1
1
1
1
1
1
1
1
1
1
1
1
1
1
1
1
1
1
1
1
1
1
1
1
1
1
1
1
1
1
1
1
1
1
1
1
1
1
1
1
1
1
1
1
1
1
1
1
1
1
1
1
1
1
1
1
1
1
1
1
1
1
1
1
1
1
1
1
1
1
1
1
1
1
1
1
1
1
1
1
1
1
1
1
1
1
1
1
1
1
1
1
1
1
1
1
1
1
1
1
1
1
1
1
1
1
1
1
1
1
1
1
1
1
1
1
1
1
1
1
1
1
1
1
1
1
1
1
1
1
1
1
1
1
1
1
1
1
1
1
1
1
1
1
1
1
1
1
1
1
1
1
1
1
1
1
1
1
1
1
1
1
1
1
1
1
1
1
1
1
1
1
1
1
1
1
1
1
1
1
1
1
1
1
1
1
1
1
1
1
1
1
1
1
1
1
1
1
1
1
1
1
1
1
1
1
1
1
1
1
1
1
1
1
1
1
1
1
1
1
1
1
1
1
1
1
1
1
1
1
1
1
1
1
1
1
1
1
1
1
1
1
1
1
1
1
1
1
1
1
1
1
1
1
1
1
1
1
1
1
1
1
1
1
1
1
1
1
1
1
1
1
1
1
1
1
1
1
1
1
1
1
1
1
1
1
1
1
1
1
1
1
1
1
1
1
1
1
1
1
1
1
1
1
1
1
1
1
1
1
1
1
1
1
1
1
1
1
1
1
1
1
1
1
1
1
1
1
1
1
1
1
1
1
1
1
1
1
1
1
1
1
1
1
1
1
1
1
1
1
1
1
1
1
1
1
1
1
1
1
1
1
1
1
1
1
1
1
1
1
1
1
1
1
1
1
1
1
1
1
1
1
1
1
1
1
1
1
1
1
1
1
1
1
1
1
1
1
1
1
1
1
1
1
1
1
1
1
1
1
1
1
1
1
1
1
1
1
1
1
1
1
1
1
1
1
1
1
1
1
1
1
1
1
1
1
1
1
1
1
1
1
1
1
1
1
1
1
1
1
1
1
1
1
1
1
1
1
1
1
1
1
1
1
1
1
1
1
1
1
1
1
1
1
1
1
1
1
1
1
1
1
1
1
1
1
1
1
1
1
1
1
1
1
1
1
1
1
1
1
1
1
1
1
1
1
1
1
1
1
1
1
1
1
1
1
1
1
1
1
1
1
1
1
1
1
1
1
1
1
1
1
1
1
1
1
1
1
1
1
1
1
1
1
1
1
1
1
1
1
1
1
1
1
1
1
1
1
1
1
1
1
1
1
1
1
1
1
1
1
1
1
1
1
1
1
1
1
1
1
1
1
1
1
1
1
1
1
1
1
1
1
1
1
1
1
1
1
1
1
1
1
1
1
1
1
1
1
1
1
1
1
1
1
1
1
1
1
1
1
1
1
1
1
1
1
1
1
1
1
1
1
1
1
1
1
1
1
1
1
1
1
1
1
1
1
1
1
1
1
1
1
1
1
1
1
1
1
1
1
1
1
1
1
1
1
1
1
1
1
1
1
1
1
1
1
1
1
1
1
1
1
1
1
1
1
1
1
1
1
1
1
1
1
1
1
1
1
1
1
1
1
1
1
1
1
1
1
1
1
1
1
1
1
1
1
1
1
1
1
1
1
1
1
1
1
1
1
1
1
1
1
1
1
1
1
1
1
1
1
1
1
1
1
1
1
1
1
1
1
1
1
1
1
1
1
1
1
1
1
1
1
1
1
1
1
1
1
1
1
1
1
1
1
1
1
1
1
1
1
1
1
1
1
1
1
1
1.25547
1.65862
2.15262
2.70506
3.29293
4.08936
4.94565
5.51617
6.12329
7.34998
8.35556
8.63715
8.90638
9.66703
10.4982
10.5653
10.4555
10.481
10.4242
10.154
9.56498
8.82316
8.19995
7.57412
6.93379
6.52422
6.42088
6.3615
6.16865
6.04706
6.0722
6.17286
6.28342
6.34279
6.41095
6.51628
6.66137
6.75261
6.74651
6.71006
6.7132
6.74851
6.76945
6.76597
6.74567
6.7427
6.76353
6.83296
6.86807
6.85976
6.81359
6.69549
6.5441
6.48378
6.46769
6.4537
6.45416
6.46875
6.49955
6.52117
6.5232
6.54008
6.60776
6.61072
6.56498
6.54882
6.55508
6.55538
6.5486
6.52851
6.50792
6.49827
6.49615
6.49831
6.52134
6.60761
6.73468
6.7811
6.78285
6.78081
1
0.999999
0.999999
0.999973
0.999323
0.995472
1.04145
1.23788
1.30653
1.41191
1.78466
2.35651
2.76597
3.17716
3.98862
4.75707
5.18119
5.69873
6.3621
6.70099
6.75137
6.87284
7.46421
7.59012
7.37118
7.24624
7.28219
7.34598
7.29685
7.08585
6.92212
6.81796
6.72639
6.57724
6.4464
6.4494
6.49075
6.55993
6.59544
6.61359
6.65176
6.72464
6.75359
6.75002
6.73406
6.72727
6.74218
6.77873
6.80067
6.78556
6.71687
6.59134
6.50837
6.4976
6.49948
6.50077
6.50398
6.51991
6.53619
6.53331
6.51697
6.51718
6.55535
6.56908
6.54724
6.53959
6.54082
6.53481
6.5201
6.49834
6.49618
6.50051
6.5062
6.51643
6.55173
6.64024
6.75452
6.79696
6.79904
6.79661
1
1
1
1
1
1
0.99999
1
1
1
1
1
0.999614
0.99888
1.05006
1.26053
1.50616
1.85917
2.62397
3.64307
4.7689
5.94278
7.27932
7.91562
7.96698
8.04
8.08938
8.06712
8.03465
7.89327
7.66242
7.398
7.09272
6.75899
6.46481
6.44354
6.49346
6.54588
6.55682
6.58175
6.62581
6.69026
6.76623
6.78242
6.77839
6.76212
6.76284
6.77062
6.76976
6.75072
6.67185
6.54553
6.5059
6.50548
6.51358
6.53079
6.54652
6.5723
6.57729
6.55182
6.51708
6.50248
6.54301
6.57635
6.56124
6.55307
6.55157
6.54182
6.51854
6.49578
6.4973
6.50523
6.51495
6.53173
6.57443
6.66746
6.77838
6.81989
6.82188
6.81905
1
1
1
1
1
1
1
1
1
1
1
1
1
1
1
1
1
1
0.99784
1.01965
1.20566
1.59974
2.31286
3.75735
4.85771
5.80917
6.68103
6.94324
7.27106
7.18243
7.13901
7.24858
7.42986
7.36993
7.07569
6.95191
6.93837
6.89559
6.77162
6.61957
6.5803
6.57406
6.59888
6.60155
6.612
6.66128
6.71235
6.72923
6.72206
6.69688
6.61065
6.52003
6.50384
6.50165
6.50458
6.50902
6.51717
6.53135
6.51951
6.48465
6.45797
6.46977
6.55549
6.60066
6.57921
6.55287
6.54412
6.54006
6.52105
6.51173
6.51639
6.52616
6.53848
6.55841
6.60013
6.69156
6.78993
6.81084
6.81102
6.80577
1
1
1
1
1
1
1
1
1
1
1
1
1
1
1
1
1
1
1
1
1
1
0.998075
1.05896
1.31521
1.61802
2.35706
3.61474
4.91933
5.71281
6.18941
7.07439
7.62914
7.57248
7.5223
7.50466
7.45725
7.36887
7.08365
6.6732
6.5285
6.54238
6.62283
6.6724
6.66822
6.67157
6.69123
6.69363
6.67798
6.63103
6.51777
6.49053
6.49316
6.51961
6.52934
6.52787
6.52617
6.52854
6.50582
6.45564
6.4449
6.48754
6.57628
6.60993
6.59221
6.55947
6.5317
6.5103
6.49593
6.50016
6.5067
6.51352
6.51987
6.53611
6.58187
6.68487
6.78827
6.81208
6.81349
6.81043
1
1
1
1
1
1
1
1
1
1
1
1
1
1
1
1
1
1
1
1
1
1
1
0.999997
1
1
0.997961
1.05291
1.20547
1.71577
2.48233
3.39968
4.71171
5.55974
6.17746
6.96055
7.07655
7.0594
6.97529
6.81168
6.72779
6.74279
6.85865
6.92015
6.8982
6.81313
6.79978
6.77164
6.70867
6.60028
6.44426
6.41902
6.43051
6.46438
6.48325
6.49424
6.48238
6.44798
6.45244
6.47898
6.50178
6.5455
6.61665
6.64596
6.62728
6.57825
6.5205
6.47699
6.47911
6.49148
6.49395
6.49599
6.49913
6.51723
6.57283
6.6821
6.78123
6.80731
6.80841
6.8085
1
1
1
1
1
1
1
1
1
1
1
1
1
1
1
1
1
1
1
1
1
1
1
1
1
1
1
1
1
0.999999
0.997899
1.02332
1.27385
2.01662
2.7593
3.68004
4.74709
5.64491
6.68402
6.85959
6.93214
7.1099
7.15663
7.12848
7.02494
6.86518
6.7083
6.69504
6.68229
6.61256
6.45956
6.3758
6.3732
6.37491
6.37416
6.37167
6.40092
6.44258
6.44217
6.44144
6.46866
6.53487
6.61692
6.64897
6.6325
6.57144
6.49112
6.46436
6.48521
6.5065
6.50915
6.50882
6.5149
6.53862
6.5996
6.71232
6.79664
6.80872
6.80602
6.79341
1
1
1
1
1
1
1
1
1
1
1
1
1
1
1
1
1
1
1
1
1
1
1
1
1
1
1
1
1
1
1
1
1
0.999393
1.00492
1.05955
1.38552
1.98793
2.88958
4.08686
5.0062
6.08949
6.5344
6.63951
6.54648
6.50875
6.58573
6.70093
6.8137
6.81543
6.71661
6.52356
6.43682
6.41633
6.39819
6.37525
6.35957
6.37638
6.37591
6.36861
6.40116
6.475
6.55363
6.58014
6.56985
6.51525
6.48838
6.48263
6.49861
6.51605
6.51929
6.52102
6.53347
6.56995
6.64025
6.74746
6.81162
6.81671
6.81384
6.79982
1
1
1
1
1
1
1
1
1
1
1
1
1
1
1
1
1
1
1
1
1
1
1
1
1
1
1
1
1
1
1
1
1
1
1
1
1
0.998401
1.01078
1.22153
1.65908
2.34839
3.36877
4.53705
5.43455
6.17798
6.52856
6.79484
6.85298
6.84508
6.75956
6.57032
6.41524
6.38101
6.35236
6.3367
6.33195
6.3271
6.31127
6.31006
6.36964
6.48811
6.5871
6.61018
6.6011
6.57574
6.50738
6.45904
6.47016
6.48852
6.49447
6.49829
6.51054
6.55712
6.65196
6.76497
6.80879
6.81144
6.80963
6.7973
1
1
1
1
1
1
1
1
1
1
1
1
1
1
1
1
1
1
1
1
1
1
1
1
1
1
1
1
1
1
1
1
1
1
1
1
1
1
1
1
0.999885
0.997685
1.09303
1.31209
1.88686
2.77187
3.93858
5.22235
5.80665
6.20996
6.33721
6.25397
6.20167
6.26344
6.31754
6.33563
6.37922
6.4699
6.50228
6.52854
6.61816
6.66566
6.65669
6.64624
6.60877
6.54497
6.44694
6.38832
6.4051
6.42328
6.42478
6.43437
6.45847
6.52706
6.65845
6.77557
6.8096
6.81288
6.81581
6.8148
1
1
1
1
1
1
1
1
1
1
1
1
1
1
1
1
1
1
1
1
1
1
1
1
1
1
1
1
1
1
1
1
1
1
1
1
1
1
1
1
1
1
0.999997
1
0.998431
1.01448
1.18856
1.73871
2.78758
3.79624
4.69309
5.27182
5.80668
6.04584
6.2232
6.21234
6.2364
6.34655
6.42412
6.48337
6.60043
6.62007
6.59679
6.52513
6.48195
6.43184
6.33937
6.31522
6.33947
6.36453
6.39387
6.4222
6.46366
6.552
6.69999
6.81162
6.84135
6.84039
6.83759
6.82497
1
1
1
1
1
1
1
1
1
1
1
1
1
1
1
1
1
1
1
1
1
1
1
1
1
1
1
1
1
1
1
1
1
1
1
1
1
1
1
1
1
1
1
1
1
0.999998
1
0.998515
1.0282
1.16966
1.52416
2.26554
3.02159
3.71279
4.49116
5.02642
5.36611
5.71247
5.97374
6.07332
6.25816
6.3098
6.28585
6.36467
6.40735
6.41525
6.39329
6.40234
6.4462
6.45983
6.44375
6.45716
6.48764
6.57242
6.71106
6.78271
6.7889
6.7894
6.79057
6.78215
1
1
1
1
1
1
1
1
1
1
1
1
1
1
1
1
1
1
1
1
1
1
1
1
1
1
1
1
1
1
1
1
1
1
1
1
1
1
1
1
1
1
1
1
1
1
1
1
1
1
0.999273
1.00511
1.05119
1.20997
1.47706
2.04814
2.61167
3.20057
4.05389
4.70016
5.24011
5.73629
6.14408
6.31445
6.42548
6.45552
6.37819
6.3295
6.37508
6.40763
6.39756
6.41436
6.45955
6.58157
6.68813
6.71865
6.72228
6.72431
6.72891
6.73365
1
1
1
1
1
1
1
1
1
1
1
1
1
1
1
1
1
1
1
1
1
1
1
1
1
1
1
1
1
1
1
1
1
1
1
1
1
1
1
1
1
1
1
1
1
1
1
1
1
1
1
1
1
1
0.999917
1.00124
1.01918
1.09987
1.28248
1.72708
2.21585
2.84059
3.68347
4.4168
5.03562
5.67886
5.89699
5.98399
6.10527
6.24546
6.26341
6.30977
6.42298
6.57748
6.67998
6.74415
6.77721
6.78062
6.782
6.79513
1
1
1
1
1
1
1
1
1
1
1
1
1
1
1
1
1
1
1
1
1
1
1
1
1
1
1
1
1
1
1
1
1
1
1
1
1
1
1
1
1
1
1
1
1
1
1
1
1
1
1
1
1
1
1
1
1
1
1
0.999667
1.00481
1.04492
1.17048
1.5092
2.08045
2.87424
3.95208
4.85797
5.37328
5.95121
6.17461
6.26654
6.43705
6.64669
6.74324
6.80171
6.82238
6.8182
6.79898
6.76648
1
1
1
1
1
1
1
1
1
1
1
1
1
1
1
1
1
1
1
1
1
1
1
1
1
1
1
1
1
1
1
1
1
1
1
1
1
1
1
1
1
1
1
1
1
1
1
1
1
1
1
1
1
1
1
1
1
1
1
1
1
1
1
0.999202
1.00438
1.06729
1.32667
1.88849
2.7445
3.5894
4.52229
5.19455
5.60689
6.14992
6.30103
6.40608
6.55782
6.60988
6.58186
6.56972
1
1
1
1
1
1
1
1
1
1
1
1
1
1
1
1
1
1
1
1
1
1
1
1
1
1
1
1
1
1
1
1
1
1
1
1
1
1
1
1
1
1
1
1
1
1
1
1
1
1
1
1
1
1
1
1
1
1
1
1
1
1
1
1
1
1
0.999552
1.00309
1.04687
1.20971
1.61003
2.21862
2.93798
3.59438
4.29847
4.85237
5.31498
5.8139
6.15988
6.40887
1
1
1
1
1
1
1
1
1
1
1
1
1
1
1
1
1
1
1
1
1
1
1
1
1
1
1
1
1
1
1
1
1
1
1
1
1
1
1
1
1
1
1
1
1
1
1
1
1
1
1
1
1
1
1
1
1
1
1
1
1
1
1
1
1
1
1
1
1
0.99993
1.00052
1.01207
1.06135
1.17245
1.4036
1.73483
2.23194
2.88407
3.60415
4.78603
1
1
1
1
1
1
1
1
1
1
1
1
1
1
1
1
1
1
1
1
1
1
1
1
1
1
1
1
1
1
1
1
1
1
1
1
1
1
1
1
1
1
1
1
1
1
1
1
1
1
1
1
1
1
1
1
1
1
1
1
1
1
1
1
1
1
1
1
1
1
1
1
0.999994
1.00006
1.00018
1.00179
1.01219
1.05953
1.18309
1.84484
1
1
1
1
1
1
1
1
1
1
1
1
1
1
1
1
1
1
1
1
1
1
1
1
1
1
1
1
1
1
1
1
1
1
1
1
1
1
1
1
1
1
1
1
1
1
1
1
1
1
1
1
1
1
1
1
1
1
1
1
1
1
1
1
1
1
1
1
1
1
1
1
1
1
1
1
0.999998
1.00002
0.999808
1.00734
1
1
1
1
1
1
1
1
1
1
1
1
1
1
1
1
1
1
1
1
1
1
1
1
1
1
1
1
1
1
1
1
1
1
1
1
1
1
1
1
1
1
1
1
1
1
1
1
1
1
1
1
1
1
1
1
1
1
1
1
1
1
1
1
1
1
1
1
1
1
1
1
1
1
1
1
1
1
0.999997
0.999999
1
1
1
1
1
1
1
1
1
1
1
1
1
1
1
1
1
1
1
1
1
1
1
1
1
1
1
1
1
1
1
1
1
1
1
1
1
1
1
1
1
1
1
1
1
1
1
1
1
1
1
1
1
1
1
1
1
1
1
1
1
1
1
1
1
1
1
1
1
1
1
1
1
1
1
1
1
1
1
1
1
1
1
1
1
1
1
1
1
1
1
1
1
1
1
1
1
1
1
1
1
1
1
1
1
1
1
1
1
1
1
1
1
1
1
1
1
1
1
1
1
1
1
1
1
1
1
1
1
1
1
1
1
1
1
1
1
1
1
1
1
1
1
1
1
1
1
1
1
1
1
1
1
1
1
1
1
1
1
1
1
1
1
1
1
1
1
1
1
1
1
1
1
1
1
1
1
1
1
1
1
1
1
1
1
1
1
1
1
1
1
1
1
1
1
1
1
1
1
1
1
1
1
1
1
1
1
1
1
1
1
1
1
1
1
1
1
1
1
1
1
1
1
1
1
1
1
1
1
1
1
1
1
1
1
1
1
1
1
1
1
1
1
1
1
1
1
1
1
1
1
1
1
1
1
1
1
1
1
1
1
1
1
1
1
1
1
1
1
1
1
1
1
1
1
1
1
1
1
1
1
1
1
1
1
1
1
1
1
1
1
1
1
1
1
1
1
1
1
1
1
1
1
1
1
1
1
1
1
1
1
1
1
1
1
1
1
1
1
1
1
1
1
1
1
1
1
1
1
1
1
1
1
1
1
1
1
1
1
1
1
1
1
1
1
1
1
1
1
1
1
1
1
1
1
1
1
1
1
1
1
1
1
1
1
1
1
1
1
1
1
1
1
1
1
1
1
1
1
1
1
1
1
1
1
1
1
1
1
1
1
1
1
1
1
1
1
1
1
1
1
1
1
1
1
1
1
1
1
1
1
1
1
1
1
1
1
1
1
1
1
1
1
1
1
1
1
1
1
1
1
1
1
1
1
1
1
1
1
1
1
1
1
1
1
1
1
1
1
1
1
1
1
1
1
1
1
1
1
1
1
1
1
1
1
1
1
1
1
1
1
1
1
1
1
1
1
1
1
1
1
1
1
1
1
1
1
1
1
1
1
1
1
1
1
1
1
1
1
1
1
1
1
1
1
1
1
1
1
1
1
1
1
1
1
1
1
1
1
1
1
1
1
1
1
1
1
1
1
1
1
1
1
1
1
1
1
1
1
1
1
1
1
1
1
1
1
1
1
1
1
1
1
1
1
1
1
1
1
1
1
1
1
1
1
1
1
1
1
1
1
1
1
1
1
1
1
1
1
1
1
1
1
1
1
1
1
1
1
1
1
1
1
1
1
1
1
1
1
1
1
1
1
1
1
1
1
1
1
1
1
1
1
1
1
1
1
1
1
1
1
1
1
1
1
1
1
1
1
1
1
1
1
1
1
1
1
1
1
1
1
1
1
1
1
1
1
1
1
1
1
1
1
1
1
1
1
1
1
1
1
1
1
1
1
1
1
1
1
1
1
1
1
1
1
1
1
1
1
1
1
1
1
1
1
1
1
1
1
1
1
1
1
1
1
1
1
1
1
1
1
1
1
1
1
1
1
1
1
1
1
1
1
1
1
1
1
1
1
1
1
1
1
1
1
1
1
1
1
1
1
1
1
1
1
1
1
1
1
1
1
1
1
1
1
1
1
1
1
1
1
1
1
1
1
1
1
1
1
1
1
1
1
1
1
1
1
1
1
1
1
1
1
1
1
1
1
1
1
1
1
1
1
1
1
1
1
1
1
1
1
1
1
1
1
1
1
1
1
1
1
1
1
1
1
1
1
1
1
1
1
1
1
1
1
1
1
1
1
1
1
1
1
1
1
1
1
1
1
1
1
1
1
1
1
1
1
1
1
1
1
1
1
1
1
1
1
1
1
1
1
1
1
1
1
1
1
1
1
1
1
1
1
1
1
1
1
1
1
1
1
1
1
1
1
1
1
1
1
1
1
1
1
1
1
1
1
1
1
1
1
1
1
1
1
1
1
1
1
1
1
1
1
1
1
1
1
1
1
1
1
1
1
1
1
1
1
1
1
1
1
1
1
1
1
1
1
1
1
1
1
1
1
1
1
1
1
1
1
1
1
1
1
1
1
1
1
1
1
1
1
1
1
1
1
1
1
1
1
1
1
1
1
1
1
1
1
1
1
1
1
1
1
1
1
1
1
1
1
1
1
1
1
1
1
1
1
1
1
1
1
1
1
1
1
1
1
1
1
1
1
1
1
1
1
1
1
1
1
1
1
1
1
1
1
1
1
1
1
1
1
1
1
1
1
1
1
1
1
1
1
1
1
1
1
1
1
1
1
1
1
1
1
1
1
1
1
1
1
1
1
1
1
1
1
1
1
1
1
1
1
1
1
1
1
1
1
1
1
1
1
1
1
1
1
1
1
1
1
1
1
1
1
1
1
1
1
1
1
1
1
1
1
1
1
1
1
1
1
1
1
1
1
1
1
1
1
1
1
1
1
1
1
1
1
1
1
1
1
1
1
1
1
1
1
1
1
1
1
1
1
1
1
1
1
1
1
1
1
1
1
1
1
1
1
1
1
1
1
1
1
1
1
1
1
1
1
1
1
1
1
1
1
1
1
1
1
1
1
1
1
1
1
1
1
1
1
1
1
1
1
1
1
1
1
1
1
1
1
1
1
1
1
1
1
1
1
1
1
1
1
1
1
1
1
1
1
1
1
1
1
1
1
1
1
1
1
1
1
1
1
1
1
1
1
1
1
1
1
1
1
1
1
1
1
1
1
1
1
1
1
1
1
1
1
1
1
1
1
1
1
1
1
1
1
1
1
1
1
1
1
1
1
1
1
1
1
1
1
1
1
1
1
1
1
1
1
1
1
1
1
1
1
1
1
1
1
1
1
1
1
1
1
1
1
1
1
1
1
1
1
1
1
1
1
1
1
1
1
1
1
1
1
1
1
1
1
1
1
1
1
1
1
1
1
1
1
1
1
1
1
1
1
1
1
1
1
1
1
1
1
1
1
1
1
1
1
1
1
1
1
1
1
1
1
1
1
1
1
1
1
1
1
1
1
1
1
1
1
1
1
1
1
1
1
1
1
1
1
1
1
1
1
1
1
1
1
1
1
1
1
1
1
1
1
1
1
1
1
1
1
1
1
1
1
1
1
1
1
1
1
1
1
1
1
1
1
1
1
1
1
1
1
1
1
1
1
1
1
1
1
1
1
1
1
1
1
1
1
1
1
1
1
1
1
1
1
1
1
1
1
1
1
1
1
1
1
1
1
1
1
1
1
1
1
1
1
1
1
1
1
1
1
1
1
1
1
1
1
1
1
1
1
1
1
1
1
1
1
1
1
1
1
1
1
1
1
1
1
1
1
1
1
1
1
1
1
1
1
1
1
1
1
1
1
1
1
1
1
1
)
;

boundaryField
{
    inlet
    {
        type            fixedValue;
        value           uniform 1;
    }
    outlet
    {
        type            zeroGradient;
    }
    bottom
    {
        type            symmetryPlane;
    }
    top
    {
        type            symmetryPlane;
    }
    obstacle
    {
        type            zeroGradient;
    }
    defaultFaces
    {
        type            empty;
    }
}


// ************************************************************************* //
