/*--------------------------------*- C++ -*----------------------------------*\
| =========                 |                                                 |
| \\      /  F ield         | OpenFOAM: The Open Source CFD Toolbox           |
|  \\    /   O peration     | Version:  2206                                  |
|   \\  /    A nd           | Website:  www.openfoam.com                      |
|    \\/     M anipulation  |                                                 |
\*---------------------------------------------------------------------------*/
FoamFile
{
    version     2.0;
    format      ascii;
    arch        "LSB;label=32;scalar=64";
    class       volScalarField;
    location    "0.04";
    object      p;
}
// * * * * * * * * * * * * * * * * * * * * * * * * * * * * * * * * * * * * * //

dimensions      [1 -1 -2 0 0 0 0];

internalField   nonuniform List<scalar> 
4800
(
1
1
1
1
1
1
1
1
1
1
1
1
1
1
1
1
1
1
1
1
1
1
1
1
1
1
1
1
1
1
1
1
1
1
1
1
1
1
1
1
1
1
1
1
1
1
1
1
1
1
1
1
1
1
1
1
1
1
1
1
1
1
1
1
1
1
1
1
1
1
1
1
1
1
1
1
1
1
1
1
1
1
1
1
1
1
1
1
1
1
1
1
1
1
1
1
1
1
1
1
1
1
1
1
1
1
1
1
1
1
1
1
1
1
1
1
1
1
1
1
1
1
1
1
1
1
1
1
1
1
1
1
1
1
1
1
1
1
1
1
1
1
1
1
1
1
1
1
1
1
1
1
1
1
1
1
1
1
1
1
1
1
1
1
1
1
1
1
1
1
1
1
1
1
1
1
1
1
1
1
1
1
1
1
1
1
1
1
1
1
1
1
1
1
1
1
1
1
1
1
1
1
1
1
1
1
1
1
1
1
1
1
1
1
1
1
1
1
1
1
1
1
1
1
1
1
1
1
1
1
1
1
1
1
1
1
1
1
1
1
1
1
1
1
1
1
1
1
1
1
1
1
1
1
1
1
1
1
1
1
1
1
1
1
1
1
1
1
1
1
1
1
1
1
1
1
1
1
1
1
1
1
1
1
1
1
1
1
1
1
1
1
1
1
1
1
1
1
1
1
1
1
1
1
1
1
1
1
1
1
1
1
1
1
1
1
1
1
1
1
1
1
1
1
1
1
1
1
1
1
1
1
1
1
1
1
1
1
1
1
1
1
1
1
1
1
1
1
1
1
1
1
1
1
1
1
1
1
1
1
1
1
1
1
1
1
1
1
1
1
1
1
1
1
1
1
1
1
1
1
1
1
1
1
1
1
1
1
1
1
1
1
1
1
1
1
1
1
1
1
1
1
1
1
1
1
1
1
1
1
1
1
1
1
1
1
1
1
1
1
1
1
1
1
1
1
1
1
1
1
1
1
1
1
1
1
1
1
1
1
1
1
1
1
1
1
1
1
1
1
1
1
1
1
1
1
1
1
1
1
1
1
1
1
1
1
1
1
1
1
1
1
1
1
1
1
1
1
1
1
1
1
1
1
1
1
1
1
1
1
1
1
1
1
1
1
1
1
1
1
1
1
1
1
1
1
1
1
1
1
1
1
1
1
1
1
1
1
1
1
1
1
1
1
1
1
1
1
1
1
1
1
1
1
1
1
1
1
1
1
1
1
1
1
1
1
1
1
1
1
1
1
1
1
1
1
1
1
1
1
1
1
1
1
1
1
1
1
1
1
1
1
1
1
1
1
1
1
1
1
1
1
1
1
1
1
1
1
1
1
1
1
1
1
1
1
1
1
1
1
1
1
1
1
1
1
1
1
1
1
1
1
1
1
1
1
1
1
1
1
1
1
1
1
1
1
1
1
1
1
1
1
1
1
1
1
1
1
1
1
1
1
1
1
1
1
1
1
1
1
1
1
1
1
1
1
1
1
1
1
1
1
1
1
1
1
1
1
1
1
1
1
1
1
1
1
1
1
1
1
1
1
1
1
1
1
1
1
1
1
1
1
1
1
1
1
1
1
1
1
1
1
1
1
1
1
1
1
1
1
1
1
1
1
1
1
1
1
1
1
1
1
1
1
1
1
1
1
1
1
1
1
1
1
1
1
1
1
1
1
1
1
1
1
1
1
1
1
1
1
1
1
1
1
1
1
1
1
1
1
1
1
1
1
1
1
1
1
1
1
1
1
1
1
1
1
1
1
1
1
1
1
1
1
1
1
1
1
1
1
1
1
1
1
1
1
1
1
1
1
1
1
1
1
1
1
1
1
1
1
1
1
1
1
1
1
1
1
1
1
1
1
1
1
1
1
1
1
1
1
1
1
1
1
1
1
1
1
1
1
1
1
1
1
1
1
1
1
1
1
1
1
1
1
1
1
1
1
1
1
1
1
1
1
1
1
1
1
1
1
1
1
1
1
1
1
1
1
1
1
1
1
1
1
1
1
1
1
1
1
1
1
1
1
1
1
1
1
1
1
1
1
1
1
1
1
1
1
1
1
1
1
1
1
1
1
1
1
1
1
1
1
1
1
1
1
1
1
1
1
1
1
1
1
1
1
1
1
1
1
1
1
1
1
1
1
1
1
1
1
1
1
1
1
1
1
1
1
1
1
1
1
1
1
1
1
1
1
1
1
1
1
1
1
1
1
1
1
1
1
1
1
1
1
1
1
1
1
1
1
1
1
1
1
1
1
1
1
1
1
1
1
1
1
1
1
1
1
1
1
1
1
1
1
1
1
1
1
1
1
1
1
1
1
1
1
1
1
1
1
1
1
1
1
1
1
1
1
1
1
1
1
1
1
1
1
1
1
1
1
1
1
1
1
1
1
1
1
1
1
1
1
1
1
1
1
1
1
1
1
1
1
1
1
1
1
1
1
1
1
1
1
1
1
1
1
1
1
1
1
1
1
1
1
1
1
1
1
1
1
1
1
1
1
1
1
1
1
1
1
1
1
1
1
1
1
1
1
1
1
1
1
1
1
1
1
1
1
1
1
1
1
1
1
1
1
1
1
1
1
1
1
1
1
1
1
1
1
1
1
1
1
1
1
1
1
1
1
1
1
1
1
1
1
1
1
1
1
1
1
1
1
1
1
1
1
1
1
1
1
1
1
1
1
1
1
1
1
1
1
1
1
1
1
1
1
1
1
1
1
1
1
1
1
1
1
1
1
1
1
1
1
1
1
1
1
1
1
1
1
1
1
1
1
1
1
1
1
1
1
1
1
1
1
1
1
1
1
1
1
1
1
1
1
1
1
1
1
1
1
1
1
1
1
1
1
1
1
1
1
1
1
1
1
1
1
1
1
1
1
1
1
1
1
1
1
1
1
1
1
1
1
1
1
1
1
1
1
1
1
1
1
1
1
1
1
1
1
1
1
1
1
1
1
1
1
1
1
1
1
1
1
1
1
1
1
1
1
1
1
1
1
1
1
1
1
1
1
1
1
1
1
1
1
1
1
1
1
1
1
1
1
1
1
1
1
1
1
1
1
1
1
1
1
1
1
1
1
1
1
1
1
1
1
1
1
1
1
1
1
1
1
1
1
1
1
1
1
1
1
1
1
1
1
1
1
1
1
1
1
1
1
1
1
1
1
1
1
1
1
1
1
1
1
1
1
1
1
1
1
1
1
1
1
1
1
1
1
1
1
1
1
1
1
1
1
1
1
1
1
1
1
1
1
1
1
1
1
1
1
1
1
1
1
1
1
1
1
1
1
1
1
1
1
1
1
1
1
1
1
1
1
1
1
1
1
1
1
1
1
1
1
1
1
1
1
1
1
1
1
1
1
1
1
1
1
1
1
1
1
1
1
1
1
1
1
1
1
1
1
1
1
1
1
1
1
1
1
1
1
1
1
1
1
1
1
1
1
1
1
1
1
1
1
1
1
1
1
1
1
1
1
1
1
1
1
1
1
1
1
1
1
1
1
1
1
1
1
1
1
1
1
1
1
1
1
1
1
1
1
1
1
1
1
1
1
1
1
1
1
1
1
1
1
1
1
1
1
1
1
1
1
1
1
1
1
1
1
1
1
1
1
1
1
1
1
1
1
1
1
1.25578
1.65981
2.15071
2.68712
3.34803
4.15992
4.7694
5.36239
6.40948
7.53184
7.90861
8.20913
8.92286
9.93744
10.1158
10.0594
10.1819
10.2013
10.0294
9.57259
9.00366
8.40799
7.82507
7.11063
6.58893
6.39216
6.25426
6.01491
5.91482
5.9481
6.02771
6.07812
6.1102
6.18085
6.35863
6.53416
6.55153
6.50903
6.45609
6.46893
6.52887
6.59038
6.61411
6.62239
6.63943
6.66566
6.67147
6.66218
6.61605
6.52164
6.43412
6.37537
6.33379
6.31167
6.30276
6.30433
6.32054
6.34661
6.35602
6.34935
6.3555
6.41543
6.42232
6.37896
6.36332
6.36938
6.37091
6.36661
6.35332
6.33877
6.3312
6.32925
6.33243
6.36153
6.45656
6.57218
6.60507
6.60672
6.60662
6.5996
1
1
0.999999
0.999831
0.997037
1.00152
1.13284
1.19677
1.23475
1.48792
1.98837
2.38201
2.72767
3.4006
4.20741
4.66268
5.18208
5.85432
6.27425
6.42627
6.73464
7.05989
7.22801
7.15447
7.11116
7.19297
7.23324
7.18046
6.95294
6.79806
6.67229
6.53488
6.38476
6.32192
6.34231
6.3954
6.40832
6.4131
6.41988
6.45169
6.50976
6.52984
6.53122
6.53451
6.5648
6.61476
6.64041
6.63359
6.58256
6.4741
6.36497
6.33081
6.33048
6.33181
6.33583
6.34338
6.36302
6.37989
6.37661
6.35681
6.34482
6.36574
6.37952
6.35734
6.35068
6.35641
6.35406
6.34395
6.32698
6.32548
6.32984
6.33684
6.35048
6.39146
6.48493
6.58732
6.61567
6.61651
6.61587
6.60952
1
1
1
1
1
0.999992
0.999999
1
1
0.999998
1
1
0.997921
1.01002
1.12903
1.2967
1.53819
2.12214
2.95562
3.89156
4.93065
6.55403
7.29027
7.49834
7.83071
7.93117
7.90987
7.87322
7.75616
7.54991
7.28974
6.92438
6.54182
6.341
6.33615
6.40395
6.41853
6.40077
6.40936
6.43842
6.48857
6.52822
6.51792
6.49694
6.51136
6.559
6.6134
6.6332
6.59974
6.50712
6.37807
6.3095
6.30451
6.3116
6.3282
6.35972
6.40055
6.41347
6.39915
6.36835
6.35267
6.36946
6.38373
6.36706
6.36161
6.36445
6.35795
6.34127
6.32287
6.32373
6.33177
6.3432
6.36366
6.41249
6.50957
6.60942
6.63677
6.63755
6.63673
6.63016
1
1
1
1
1
1
1
1
1
1
1
1
1
1
1
1
1
0.999993
0.997454
1.06168
1.27787
1.77076
2.88906
3.9942
5.08297
6.04149
6.52537
6.91497
7.07656
7.13595
7.17787
7.20282
7.03162
6.85009
6.84122
6.83184
6.76187
6.58739
6.55831
6.5539
6.53445
6.48318
6.40038
6.37793
6.39603
6.43605
6.48673
6.53575
6.52731
6.45801
6.36038
6.32331
6.31993
6.31682
6.31217
6.32595
6.36871
6.37252
6.3461
6.32587
6.3299
6.37441
6.39735
6.37857
6.36397
6.36283
6.3622
6.34744
6.33816
6.34255
6.35337
6.3671
6.38829
6.43528
6.53349
6.61751
6.62968
6.62952
6.62694
6.61356
1
1
1
1
1
1
1
1
1
1
1
1
1
1
1
1
1
1
1
1
1
0.998856
1.0058
1.10062
1.28159
1.92473
3.02553
4.03884
4.89751
5.60503
6.8333
7.38546
7.28297
7.33187
7.37987
7.33018
7.16818
6.8253
6.51127
6.47101
6.55341
6.55791
6.49588
6.43776
6.41551
6.42478
6.44845
6.46717
6.44635
6.38618
6.34178
6.33897
6.3431
6.33862
6.33054
6.33716
6.35929
6.35555
6.3273
6.31164
6.332
6.38366
6.40336
6.39444
6.37579
6.3551
6.34006
6.32856
6.33148
6.3368
6.3421
6.34833
6.36834
6.42147
6.52907
6.61171
6.62435
6.62491
6.62326
6.61766
1
1
1
1
1
1
1
1
1
1
1
1
1
1
1
1
1
1
1
1
1
1
1
1
1
0.998841
1.00988
1.07531
1.40054
1.91521
2.73478
4.0588
5.09418
5.88451
6.68682
6.89491
6.76977
6.40845
6.42802
6.53103
6.7986
6.91186
6.86531
6.72891
6.62591
6.57657
6.56197
6.51021
6.41168
6.29224
6.2434
6.24429
6.25123
6.26132
6.26853
6.26418
6.27495
6.28138
6.3123
6.34219
6.37566
6.42095
6.4428
6.43394
6.39418
6.33818
6.30776
6.31497
6.32463
6.32396
6.32301
6.32593
6.35174
6.42121
6.53223
6.60588
6.61499
6.61231
6.61165
6.61641
1
1
1
1
1
1
1
1
1
1
1
1
1
1
1
1
1
1
1
1
1
1
1
1
1
1
1
1
1
0.998823
1.00031
1.18137
1.66286
2.15997
2.97998
4.12545
5.38163
6.13032
6.35794
6.6226
6.99282
7.06156
6.99562
6.86578
6.75492
6.66961
6.55885
6.49897
6.42759
6.2658
6.16979
6.15752
6.15231
6.15388
6.17576
6.24422
6.29077
6.29746
6.28541
6.30171
6.34951
6.41547
6.45024
6.43862
6.37719
6.30505
6.2966
6.31908
6.33364
6.33515
6.33498
6.344
6.37661
6.45
6.56309
6.62443
6.62826
6.62538
6.61661
6.60074
1
1
1
1
1
1
1
1
1
1
1
1
1
1
1
1
1
1
1
1
1
1
1
1
1
1
1
1
1
1
0.999998
1
1
0.998278
1.02305
1.14798
1.63883
2.58919
3.61914
4.41408
5.46828
6.13574
6.26637
6.37424
6.38889
6.49735
6.59783
6.62643
6.60719
6.47063
6.28972
6.23978
6.21839
6.20049
6.18793
6.19739
6.22884
6.24593
6.23136
6.23383
6.2758
6.339
6.37011
6.3618
6.30826
6.30567
6.31409
6.32675
6.33896
6.34156
6.34384
6.36293
6.41275
6.49486
6.59777
6.64053
6.64131
6.63738
6.626
6.60443
1
1
1
1
1
1
1
1
1
1
1
1
1
1
1
1
1
1
1
1
1
1
1
1
1
1
1
1
1
1
1
1
1
1
1
1
0.999466
1.00269
1.08604
1.37742
1.85833
2.83283
3.94141
4.95512
5.62545
6.28875
6.6367
6.67133
6.63635
6.53729
6.33545
6.24056
6.20246
6.16699
6.15085
6.13901
6.1582
6.18872
6.18622
6.20573
6.2804
6.36652
6.39588
6.38617
6.36617
6.32489
6.2907
6.29188
6.30501
6.31034
6.31719
6.34184
6.4073
6.51291
6.60359
6.62861
6.62979
6.62876
6.6226
6.602
1
1
1
1
1
1
1
1
1
1
1
1
1
1
1
1
1
1
1
1
1
1
1
1
1
1
1
1
1
1
1
1
1
1
1
1
1
1
1
1
0.998485
1.03274
1.21139
1.57863
2.36961
3.43364
4.78094
5.48697
5.79134
6.09032
6.10172
6.04264
6.02622
6.07178
6.137
6.18944
6.28013
6.36068
6.38512
6.43332
6.4843
6.48432
6.46677
6.41412
6.34843
6.28073
6.20967
6.20868
6.22681
6.23913
6.25124
6.28667
6.37936
6.51446
6.59462
6.61155
6.61634
6.62292
6.63005
6.62268
1
1
1
1
1
1
1
1
1
1
1
1
1
1
1
1
1
1
1
1
1
1
1
1
1
1
1
1
1
1
1
1
1
1
1
1
1
1
1
1
1
1
1
0.998945
1.00803
1.08163
1.49398
2.42936
3.27742
4.10682
4.8349
5.35117
5.76866
5.92925
6.03201
6.08273
6.19024
6.2896
6.32444
6.3765
6.43154
6.42629
6.37484
6.28357
6.23571
6.18108
6.15931
6.18784
6.21268
6.21978
6.23119
6.27407
6.39602
6.55212
6.6267
6.64332
6.64329
6.64018
6.64342
6.62497
1
1
1
1
1
1
1
1
1
1
1
1
1
1
1
1
1
1
1
1
1
1
1
1
1
1
1
1
1
1
1
1
1
1
1
1
1
1
1
1
1
1
1
1
1
1
0.999015
1.0066
1.09313
1.29924
1.84406
2.57634
3.23136
3.93364
4.62425
5.00782
5.35838
5.73503
5.89374
5.92833
6.06418
6.12203
6.14074
6.16222
6.16624
6.21061
6.22427
6.25024
6.29479
6.29336
6.29633
6.33438
6.45065
6.57181
6.60646
6.60875
6.60725
6.60466
6.59769
6.57895
1
1
1
1
1
1
1
1
1
1
1
1
1
1
1
1
1
1
1
1
1
1
1
1
1
1
1
1
1
1
1
1
1
1
1
1
1
1
1
1
1
1
1
1
1
1
1
1
1
1
0.998769
1.0185
1.10041
1.29816
1.63479
2.19931
2.72907
3.374
4.21125
4.75237
5.24449
5.71209
6.07713
6.16576
6.21092
6.22155
6.16969
6.17547
6.22947
6.25476
6.26622
6.33982
6.48631
6.53387
6.53958
6.5469
6.55013
6.55066
6.53178
6.53597
1
1
1
1
1
1
1
1
1
1
1
1
1
1
1
1
1
1
1
1
1
1
1
1
1
1
1
1
1
1
1
1
1
1
1
1
1
1
1
1
1
1
1
1
1
1
1
1
1
1
1
1
1
1
0.999423
1.00506
1.03344
1.14518
1.36817
1.84973
2.36586
3.02433
3.91155
4.60397
5.17243
5.70594
5.83546
5.88771
6.00482
6.11205
6.13529
6.2278
6.41869
6.49255
6.51693
6.55768
6.58283
6.58361
6.58313
6.60146
1
1
1
1
1
1
1
1
1
1
1
1
1
1
1
1
1
1
1
1
1
1
1
1
1
1
1
1
1
1
1
1
1
1
1
1
1
1
1
1
1
1
1
1
1
1
1
1
1
1
1
1
1
1
1
1
1
1
0.999995
1.00038
1.01222
1.07732
1.26398
1.75268
2.43559
3.29714
4.31605
5.01337
5.40466
5.88927
6.07487
6.23803
6.44424
6.55534
6.59152
6.62361
6.62946
6.61316
6.58507
6.57071
1
1
1
1
1
1
1
1
1
1
1
1
1
1
1
1
1
1
1
1
1
1
1
1
1
1
1
1
1
1
1
1
1
1
1
1
1
1
1
1
1
1
1
1
1
1
1
1
1
1
1
1
1
1
1
1
1
1
1
1
1
1
0.999987
1.00036
1.02258
1.15891
1.52595
2.16263
2.97348
3.74876
4.60321
5.16819
5.52835
5.96801
6.09295
6.21432
6.36781
6.39276
6.3613
6.37729
1
1
1
1
1
1
1
1
1
1
1
1
1
1
1
1
1
1
1
1
1
1
1
1
1
1
1
1
1
1
1
1
1
1
1
1
1
1
1
1
1
1
1
1
1
1
1
1
1
1
1
1
1
1
1
1
1
1
1
1
1
1
1
1
1
1
0.999743
1.01137
1.08045
1.28133
1.68839
2.2057
2.77104
3.33076
4.00387
4.56678
5.07036
5.60295
5.94092
6.20101
1
1
1
1
1
1
1
1
1
1
1
1
1
1
1
1
1
1
1
1
1
1
1
1
1
1
1
1
1
1
1
1
1
1
1
1
1
1
1
1
1
1
1
1
1
1
1
1
1
1
1
1
1
1
1
1
1
1
1
1
1
1
1
1
1
1
0.999999
0.999999
1
0.999939
1.00152
1.01147
1.04492
1.12499
1.31144
1.60835
2.08518
2.73264
3.45257
4.62708
1
1
1
1
1
1
1
1
1
1
1
1
1
1
1
1
1
1
1
1
1
1
1
1
1
1
1
1
1
1
1
1
1
1
1
1
1
1
1
1
1
1
1
1
1
1
1
1
1
1
1
1
1
1
1
1
1
1
1
1
1
1
1
1
1
1
1
1
1
1
1
1
0.999996
1.00005
1.00011
1.00116
1.00928
1.05054
1.1661
1.79747
1
1
1
1
1
1
1
1
1
1
1
1
1
1
1
1
1
1
1
1
1
1
1
1
1
1
1
1
1
1
1
1
1
1
1
1
1
1
1
1
1
1
1
1
1
1
1
1
1
1
1
1
1
1
1
1
1
1
1
1
1
1
1
1
1
1
1
1
1
1
1
1
1
1
1
1
0.999998
1.00002
0.999839
1.00702
1
1
1
1
1
1
1
1
1
1
1
1
1
1
1
1
1
1
1
1
1
1
1
1
1
1
1
1
1
1
1
1
1
1
1
1
1
1
1
1
1
1
1
1
1
1
1
1
1
1
1
1
1
1
1
1
1
1
1
1
1
1
1
1
1
1
1
1
1
1
1
1
1
1
1
1
1
1
0.999997
0.999999
1
1
1
1
1
1
1
1
1
1
1
1
1
1
1
1
1
1
1
1
1
1
1
1
1
1
1
1
1
1
1
1
1
1
1
1
1
1
1
1
1
1
1
1
1
1
1
1
1
1
1
1
1
1
1
1
1
1
1
1
1
1
1
1
1
1
1
1
1
1
1
1
1
1
1
1
1
1
1
1
1
1
1
1
1
1
1
1
1
1
1
1
1
1
1
1
1
1
1
1
1
1
1
1
1
1
1
1
1
1
1
1
1
1
1
1
1
1
1
1
1
1
1
1
1
1
1
1
1
1
1
1
1
1
1
1
1
1
1
1
1
1
1
1
1
1
1
1
1
1
1
1
1
1
1
1
1
1
1
1
1
1
1
1
1
1
1
1
1
1
1
1
1
1
1
1
1
1
1
1
1
1
1
1
1
1
1
1
1
1
1
1
1
1
1
1
1
1
1
1
1
1
1
1
1
1
1
1
1
1
1
1
1
1
1
1
1
1
1
1
1
1
1
1
1
1
1
1
1
1
1
1
1
1
1
1
1
1
1
1
1
1
1
1
1
1
1
1
1
1
1
1
1
1
1
1
1
1
1
1
1
1
1
1
1
1
1
1
1
1
1
1
1
1
1
1
1
1
1
1
1
1
1
1
1
1
1
1
1
1
1
1
1
1
1
1
1
1
1
1
1
1
1
1
1
1
1
1
1
1
1
1
1
1
1
1
1
1
1
1
1
1
1
1
1
1
1
1
1
1
1
1
1
1
1
1
1
1
1
1
1
1
1
1
1
1
1
1
1
1
1
1
1
1
1
1
1
1
1
1
1
1
1
1
1
1
1
1
1
1
1
1
1
1
1
1
1
1
1
1
1
1
1
1
1
1
1
1
1
1
1
1
1
1
1
1
1
1
1
1
1
1
1
1
1
1
1
1
1
1
1
1
1
1
1
1
1
1
1
1
1
1
1
1
1
1
1
1
1
1
1
1
1
1
1
1
1
1
1
1
1
1
1
1
1
1
1
1
1
1
1
1
1
1
1
1
1
1
1
1
1
1
1
1
1
1
1
1
1
1
1
1
1
1
1
1
1
1
1
1
1
1
1
1
1
1
1
1
1
1
1
1
1
1
1
1
1
1
1
1
1
1
1
1
1
1
1
1
1
1
1
1
1
1
1
1
1
1
1
1
1
1
1
1
1
1
1
1
1
1
1
1
1
1
1
1
1
1
1
1
1
1
1
1
1
1
1
1
1
1
1
1
1
1
1
1
1
1
1
1
1
1
1
1
1
1
1
1
1
1
1
1
1
1
1
1
1
1
1
1
1
1
1
1
1
1
1
1
1
1
1
1
1
1
1
1
1
1
1
1
1
1
1
1
1
1
1
1
1
1
1
1
1
1
1
1
1
1
1
1
1
1
1
1
1
1
1
1
1
1
1
1
1
1
1
1
1
1
1
1
1
1
1
1
1
1
1
1
1
1
1
1
1
1
1
1
1
1
1
1
1
1
1
1
1
1
1
1
1
1
1
1
1
1
1
1
1
1
1
1
1
1
1
1
1
1
1
1
1
1
1
1
1
1
1
1
1
1
1
1
1
1
1
1
1
1
1
1
1
1
1
1
1
1
1
1
1
1
1
1
1
1
1
1
1
1
1
1
1
1
1
1
1
1
1
1
1
1
1
1
1
1
1
1
1
1
1
1
1
1
1
1
1
1
1
1
1
1
1
1
1
1
1
1
1
1
1
1
1
1
1
1
1
1
1
1
1
1
1
1
1
1
1
1
1
1
1
1
1
1
1
1
1
1
1
1
1
1
1
1
1
1
1
1
1
1
1
1
1
1
1
1
1
1
1
1
1
1
1
1
1
1
1
1
1
1
1
1
1
1
1
1
1
1
1
1
1
1
1
1
1
1
1
1
1
1
1
1
1
1
1
1
1
1
1
1
1
1
1
1
1
1
1
1
1
1
1
1
1
1
1
1
1
1
1
1
1
1
1
1
1
1
1
1
1
1
1
1
1
1
1
1
1
1
1
1
1
1
1
1
1
1
1
1
1
1
1
1
1
1
1
1
1
1
1
1
1
1
1
1
1
1
1
1
1
1
1
1
1
1
1
1
1
1
1
1
1
1
1
1
1
1
1
1
1
1
1
1
1
1
1
1
1
1
1
1
1
1
1
1
1
1
1
1
1
1
1
1
1
1
1
1
1
1
1
1
1
1
1
1
1
1
1
1
1
1
1
1
1
1
1
1
1
1
1
1
1
1
1
1
1
1
1
1
1
1
1
1
1
1
1
1
1
1
1
1
1
1
1
1
1
1
1
1
1
1
1
1
1
1
1
1
1
1
1
1
1
1
1
1
1
1
1
1
1
1
1
1
1
1
1
1
1
1
1
1
1
1
1
1
1
1
1
1
1
1
1
1
1
1
1
1
1
1
1
1
1
1
1
1
1
1
1
1
1
1
1
1
1
1
1
1
1
1
1
1
1
1
1
1
1
1
1
1
1
1
1
1
1
1
1
1
1
1
1
1
1
1
1
1
1
1
1
1
1
1
1
1
1
1
1
1
1
1
1
1
1
1
1
1
1
1
1
1
1
1
1
1
1
1
1
1
1
1
1
1
1
1
1
1
1
1
1
1
1
1
1
1
1
1
1
1
1
1
1
1
1
1
1
1
1
1
1
1
1
1
1
1
1
1
1
1
1
1
1
1
1
1
1
1
1
1
1
1
1
1
1
1
1
1
1
1
1
1
1
1
1
1
1
1
1
1
1
1
1
1
1
1
1
1
1
1
1
1
1
1
1
1
1
1
1
1
1
1
1
1
1
1
1
1
1
1
1
1
1
1
1
1
1
1
1
1
1
1
1
1
1
1
1
1
1
1
1
1
1
1
1
1
1
1
1
1
1
1
1
1
1
1
1
1
1
1
1
1
1
1
1
1
1
1
1
1
1
1
1
1
1
1
1
1
1
1
1
1
1
1
1
1
1
1
1
1
1
1
1
1
1
1
1
1
1
1
1
1
1
1
1
1
1
1
1
1
1
1
1
1
1
1
1
1
1
1
1
1
1
1
1
1
1
1
1
1
1
1
1
1
1
1
1
1
1
1
1
1
1
1
1
1
1
1
1
1
1
1
1
1
1
1
1
1
1
1
1
1
1
1
1
1
1
1
1
1
1
1
1
1
1
1
1
1
1
1
1
1
1
1
1
1
1
1
1
1
1
1
1
1
1
1
1
1
1
1
1
1
1
1
1
1
1
1
1
1
1
1
1
1
1
1
1
1
1
1
1
1
1
1
1
1
1
1
1
1
1
1
1
1
1
1
1
1
1
1
1
1
1
1
1
1
1
1
1
1
1
1
1
1
1
1
1
1
1
1
1
1
1
1
1
1
1
1
1
1
1
1
1
1
1
1
1
1
1
1
1
1
1
1
1
1
1
1
)
;

boundaryField
{
    inlet
    {
        type            fixedValue;
        value           uniform 1;
    }
    outlet
    {
        type            zeroGradient;
    }
    bottom
    {
        type            symmetryPlane;
    }
    top
    {
        type            symmetryPlane;
    }
    obstacle
    {
        type            zeroGradient;
    }
    defaultFaces
    {
        type            empty;
    }
}


// ************************************************************************* //
