/*--------------------------------*- C++ -*----------------------------------*\
| =========                 |                                                 |
| \\      /  F ield         | OpenFOAM: The Open Source CFD Toolbox           |
|  \\    /   O peration     | Version:  2206                                  |
|   \\  /    A nd           | Website:  www.openfoam.com                      |
|    \\/     M anipulation  |                                                 |
\*---------------------------------------------------------------------------*/
FoamFile
{
    version     2.0;
    format      ascii;
    arch        "LSB;label=32;scalar=64";
    class       volScalarField;
    location    "0.1";
    object      T;
}
// * * * * * * * * * * * * * * * * * * * * * * * * * * * * * * * * * * * * * //

dimensions      [0 0 0 1 0 0 0];

internalField   nonuniform List<scalar> 
4800
(
1
1
1
1
1
1
1
1
1
1
1
1
1
1
1
1
1
1
1
1
1
1
1
1
1
1
1
1
1
1
1
1
1
1
1
1
1
1
1
1
1
1
1
1
1
1
1
1
1
1
1
1
1
1
1
1
1
1
1
1
1
1
1
1
1
1
1
1
1
1
1
1
1
1
1
1
1
1
1
1
1
1
1
1
1
1
1
1
1
1
1
1
1
1
1
1
1
1
1
1
1
1
1
1
1
1
1
1
1
1
1
1
1
1
1
1
1
1
1
1
1
1
1
1
1
1
1
1
1
1
1
1
1
1
1
1
1
1
1
1
1
1
1
1
1
1
1
1
1
1
1
1
1
1
1
1
1
1
1
1
1
1
1
1
1
1
1
1
1
1
1
1
1
1
1
1
1
1
1
1
1
1
1
1
1
1
1
1
1
1
1
1
1
1
1
1
1
1
1
1
1
1
1
1
1
1
1
1
1
1
1
1
1
1
1
1
1
1
1
1
1
1
1
1
1
1
1
1
1
1
1
1
1
1
1
1
1
1
1
1
1
1
1
1
1
1
1
1
1
1
1
1
1
1
1
1
1
1
1
1
1
1
1
1
1
1
1
1
1
1
1
1
1
1
1
1
1
1
1
1
1
1
1
1
1
1
1
1
1
1
1
1
1
1
1
1
1
1
1
1
1
1
1
1
1
1
1
1
1
1
1
1
1
1
1
1
1
1
1
1
1
1
1
1
1
1
1
1
1
1
1
1
1
1
1
1
1
1
1
1
1
1
1
1
1
1
1
1
1
1
1
1
1
1
1
1
1
1
1
1
1
1
1
1
1
1
1
1
1
1
1
1
1
1
1
1
1
1
1
1
1
1
1
1
1
1
1
1
1
1
1
1
1
1
1
1
1
1
1
1
1
1
1
1
1
1
1
1
1
1
1
1
1
1
1
1
1
1
1
1
1
1
1
1
1
1
1
1
1
1
1
1
1
1
1
1
1
1
1
1
1
1
1
1
1
1
1
1
1
1
1
1
1
1
1
1
1
1
1
1
1
1
1
1
1
1
1
1
1
1
1
1
1
1
1
1
1
1
1
1
1
1
1
1
1
1
1
1
1
1
1
1
1
1
1
1
1
1
1
1
1
1
1
1
1
1
1
1
1
1
1
1
1
1
1
1
1
1
1
1
1
1
1
1
1
1
1
1
1
1
1
1
1
1
1
1
1
1
1
1
1
1
1
1
1
1
1
1
1
1
1
1
1
1
1
1
1
1
1
1
1
1
1
1
1
1
1
1
1
1
1
1
1
1
1
1
1
1
1
1
1
1
1
1
1
1
1
1
1
1
1
1
1
1
1
1
1
1
1
1
1
1
1
1
1
1
1
1
1
1
1
1
1
1
1
1
1
1
1
1
1
1
1
1
1
1
1
1
1
1
1
1
1
1
1
1
1
1
1
1
1
1
1
1
1
1
1
1
1
1
1
1
1
1
1
1
1
1
1
1
1
1
1
1
1
1
1
1
1
1
1
1
1
1
1
1
1
1
1
1
1
1
1
1
1
1
1
1
1
1
1
1
1
1
1
1
1
1
1
1
1
1
1
1
1
1
1
1
1
1
1
1
1
1
1
1
1
1
1
1
1
1
1
1
1
1
1
1
1
1
1
1
1
1
1
1
1
1
1
1
1
1
1
1
1
1
1
1
1
1
1
1
1
1
1
1
1
1
1
1
1
1
1
1
1
1
1
1
1
1
1
1
1
1
1
1
1
1
1
1
1
1
1
1
1
1
1
1
1
1
1
1
1
1
1
1
1
1
1
1
1
1
1
1
1
1
1
1
1
1
1
1
1
1
1
1
1
1
1
1
1
1
1
1
1
1
1
1
1
1
1
1
1
1
1
1
1
1
1
1
1
1
1
1
1
1
1
1
1
1
1
1
1
1
1
1
1
1
1
1
1
1
1
1
1
1
1
1
1
1
1
1
1
1
1
1
1
1
1
1
1
1
1
1
1
1
1
1
1
1
1
1
1
1
1
1
1
1
1
1
1
1
1
1
1
1
1
1
1
1
1
1
1
1
1
1
1
1
1
1
1
1
1
1
1
1
1
1
1
1
1
1
1
1
1
1
1
1
1
1
1
1
1
1
1
1
1
1
1
1
1
1
1
1
1
1
1
1
1
1
1
1
1
1
1
1
1
1
1
1
1
1
1
1
1
1
1
1
1
1
1
1
1
1
1
1
1
1
1
1
1
1
1
1
1
1
1
1
1
1
1
1
1
1
1
1
1
1
1
1
1
1
1
1
1
1
1
1
1
1
1
1
1
1
1
1
1
1
1
1
1
1
1
1
1
1
1
1
1
1
1
1
1
1
1
1
1
1
1
1
1
1
1
1
1
1
1
1
1
1
1
1
1
1
1
1
1
1
1
1
1
1
1
1
1
1
1
1
1
1
1
1
1
1
1
1
1
1
1
1
1
1
1
1
1
1
1
1
1
1
1
1
1
1
1
1
1
1
1
1
1
1
1
1
1
1
1
1
1
1
1
1
1
1
1
1
1
1
1
1
1
1
1
1
1
1
1
1
1
1
1
1
1
1
1
1
1
1
1
1
1
1
1
1
1
1
1
1
1
1
1
1
1
1
1
1
1
1
1
1
1
1
1
1
1
1
1
1
1
1
1
1
1
1
1
1
1
1
1
1
1
1
1
1
1
1
1
1
1
1
1
1
1
1
1
1
1
1
1
1
1
1
1
1
1
1
1
1
1
1
1
1
1
1
1
1
1
1
1
1
1
1
1
1
1
1
1
1
1
1
1
1
1
1
1
1
1
1
1
1
1
1
1
1
1
1
1
1
1
1
1
1
1
1
1
1
1
1
1
1
1
1
1
1
1
1
1
1
1
1
1
1
1
1
1
1
1
1
1
1
1
1
1
1
1
1
1
1
1
1
1
1
1
1
1
1
1
1
1
1
1
1
1
1
1
1
1
1
1
1
1
1
1
1
1
1
1
1
1
1
1
1
1
1
1
1
1
1
1
1
1
1
1
1
1
1
1
1
1
1
1
1
1
1
1
1
1
1
1
1
1
1
1
1
1
1
1
1
1
1
1
1
1
1
1
1
1
1
1
1
1
1
1
1
1
1
1
1
1
1
1
1
1
1
1
1
1
1
1
1
1
1
1
1
1
1
1
1
1
1
1
1
1
1
1
1
1
1
1
1
1
1
1
1
1
1
1
1
1
1
1
1
1
1
1
1
1
1
1
1
1
1
1
1
1
1
1
1
1
1
1
1
1
1
1
1
1
1
1
1
1
1
1
1
1
1
1
1
1
1
1
1
1
1
1
1
1
1
1
1
1
1
1
1
1
1
1
1
1
1
1
1
1
1
1
1
1
1
1
1
1
1
1
1
1
1
1
1
1
1
1
1
1
1
1
1
1
1
1
1
1
1
1
1
1
1
1
1
1
1
1
1
1
1
1
1
1
1
1
1
1
1
1
1
1
1
1
1
1
1
1
1
1
1
1
1
1
1
1
1
1
1
1
1
1
1
1
1
1
1
1
1
1
1
1
1
1
1
1
1
1
1
1
1
1
1
1
1
1
1
1
1
1
1
1
1
1
1
1
1
1.06888
1.16143
1.255
1.34413
1.44013
1.55888
1.66777
1.73727
1.80687
1.92901
2.05747
2.11417
2.14907
2.20388
2.28804
2.34201
2.33793
2.33808
2.33569
2.3235
2.29299
2.24543
2.1925
2.14733
2.1136
2.08951
2.05199
2.00679
1.99784
2.00188
2.00784
2.01375
2.02442
2.04297
2.05694
2.05711
2.05251
2.05011
2.05438
2.06897
2.08351
2.08903
2.08909
2.08917
2.08964
2.089
2.08578
2.07944
2.07642
2.07799
2.09079
2.10406
2.10726
2.10657
2.10174
2.09383
2.08757
2.08506
2.08388
2.08385
2.08648
2.09536
2.10475
2.11128
2.11351
2.11242
2.10673
2.09599
2.08449
2.079
2.07846
2.08075
2.08829
2.10385
2.11953
2.12673
2.12716
2.12197
2.10902
2.09541
1
1
1
1
0.999848
0.998852
1.01446
1.09823
1.11939
1.15311
1.28213
1.4466
1.52116
1.57137
1.67896
1.81011
1.8492
1.871
1.93262
1.96763
1.99116
2.0263
2.04517
2.08414
2.12352
2.15265
2.15108
2.13669
2.12301
2.11745
2.11112
2.10212
2.09503
2.09339
2.08501
2.06965
2.06215
2.06297
2.07041
2.08132
2.08234
2.08121
2.08201
2.08947
2.09983
2.10134
2.09981
2.09651
2.09195
2.09118
2.09249
2.09563
2.09964
2.10222
2.10333
2.1031
2.10361
2.10446
2.10419
2.1018
2.09837
2.09686
2.09726
2.10081
2.10725
2.11064
2.11001
2.10647
2.1042
2.10219
2.10059
2.10059
2.10255
2.10427
2.10559
2.10944
2.1121
2.11203
2.10896
2.10649
1
1
1
1
1
1
0.999997
1
1
1
1
1
0.999987
0.999051
1.0094
1.08512
1.19344
1.26674
1.41841
1.65624
1.81563
1.98547
2.13283
2.18256
2.24597
2.26482
2.26207
2.25477
2.24066
2.22379
2.20799
2.1865
2.1687
2.13712
2.11728
2.10295
2.10364
2.10689
2.11041
2.10876
2.10265
2.09995
2.10101
2.10802
2.12024
2.12728
2.12852
2.12638
2.12308
2.1214
2.11838
2.11461
2.11186
2.11152
2.11475
2.12394
2.1316
2.1327
2.13121
2.12808
2.12262
2.11487
2.11031
2.10932
2.10915
2.11279
2.12361
2.13124
2.13207
2.13135
2.12928
2.12583
2.12294
2.11868
2.11192
2.10577
2.10363
2.10495
2.11441
2.12727
1
1
1
1
1
1
1
1
1
1
1
1
1
1
1
1
1
1
0.999267
1.00928
1.05819
1.17794
1.47491
1.7094
1.89437
2.02853
2.10136
2.20742
2.2403
2.23334
2.22386
2.19617
2.18322
2.18782
2.19112
2.19352
2.20227
2.20238
2.19392
2.17773
2.15809
2.13621
2.12988
2.13104
2.13561
2.14319
2.15011
2.15425
2.15618
2.15748
2.15673
2.15168
2.14396
2.13896
2.13877
2.14207
2.15289
2.16304
2.16486
2.16308
2.15578
2.14421
2.13526
2.13056
2.12852
2.12882
2.13331
2.14528
2.15638
2.1596
2.15815
2.15251
2.14441
2.13229
2.12231
2.11713
2.1156
2.11585
2.12044
2.1375
1
1
1
1
1
1
1
1
1
1
1
1
1
1
1
1
1
1
1
1
1
1
0.999993
0.999646
1.027
1.21348
1.45214
1.66608
1.88847
2.02743
2.17463
2.25396
2.24581
2.25864
2.26826
2.26775
2.27001
2.26859
2.25718
2.23544
2.2036
2.18211
2.17172
2.17004
2.17008
2.17049
2.17274
2.1764
2.18173
2.18479
2.18413
2.18126
2.17624
2.1707
2.16981
2.17014
2.17177
2.17859
2.18495
2.18491
2.18032
2.17178
2.16516
2.16053
2.15689
2.15516
2.15525
2.15731
2.16203
2.16945
2.17412
2.17435
2.16864
2.16033
2.1538
2.1472
2.14053
2.13869
2.13956
2.14564
1
1
1
1
1
1
1
1
1
1
1
1
1
1
1
1
1
1
1
1
1
1
1
1
1
1
0.999769
0.998691
1.06928
1.22551
1.40073
1.67363
1.88238
2.04962
2.13544
2.15879
2.19569
2.20699
2.20998
2.21542
2.22288
2.22389
2.22172
2.21641
2.20867
2.19653
2.1895
2.18964
2.1922
2.1946
2.19419
2.19117
2.18703
2.18719
2.18624
2.18613
2.18636
2.18793
2.19198
2.19452
2.19541
2.19674
2.19783
2.19735
2.19364
2.18778
2.18129
2.17773
2.17545
2.173
2.17325
2.1792
2.18671
2.18773
2.18552
2.18273
2.17698
2.16753
2.16461
2.16502
1
1
1
1
1
1
1
1
1
1
1
1
1
1
1
1
1
1
1
1
1
1
1
1
1
1
1
1
1
1
0.999301
1.00482
1.06995
1.19559
1.46083
1.70306
1.85494
1.98642
2.06514
2.17403
2.22906
2.23323
2.23746
2.23526
2.22822
2.21624
2.19287
2.18157
2.18265
2.18813
2.19118
2.19281
2.19504
2.19516
2.19114
2.18697
2.18626
2.18643
2.1876
2.19015
2.19617
2.20331
2.20973
2.21365
2.21501
2.21449
2.20889
2.19301
2.18073
2.17586
2.17493
2.17637
2.18669
2.20354
2.20901
2.20827
2.20435
2.19846
2.19185
2.18311
1
1
1
1
1
1
1
1
1
1
1
1
1
1
1
1
1
1
1
1
1
1
1
1
1
1
1
1
1
1
1
1
1
1
0.999146
1.01243
1.05031
1.25588
1.50133
1.694
1.8803
1.98894
2.11312
2.1687
2.1817
2.18403
2.17925
2.17631
2.17348
2.18039
2.19012
2.19831
2.20227
2.20182
2.1991
2.19553
2.19277
2.18852
2.18379
2.18279
2.18302
2.18581
2.19453
2.21006
2.21824
2.21893
2.21921
2.2138
2.19679
2.18253
2.1795
2.1805
2.1856
2.19895
2.21419
2.21792
2.2164
2.21125
2.20459
2.19223
1
1
1
1
1
1
1
1
1
1
1
1
1
1
1
1
1
1
1
1
1
1
1
1
1
1
1
1
1
1
1
1
1
1
1
1
0.999999
1
0.999053
1.0122
1.14869
1.3523
1.55709
1.76834
1.90768
2.07448
2.13512
2.15392
2.17235
2.17459
2.17454
2.17881
2.1883
2.19121
2.19
2.18454
2.18532
2.18769
2.18766
2.17951
2.16748
2.16682
2.17169
2.18524
2.20359
2.21184
2.21329
2.21371
2.21206
2.20259
2.18756
2.18301
2.18672
2.19589
2.20094
2.2038
2.2041
2.20483
2.2073
2.20672
1
1
1
1
1
1
1
1
1
1
1
1
1
1
1
1
1
1
1
1
1
1
1
1
1
1
1
1
1
1
1
1
1
1
1
1
1
1
1
1
1
0.999424
1.00096
1.07451
1.21981
1.42292
1.68243
1.85163
2.02382
2.08085
2.08652
2.09805
2.11319
2.1306
2.1495
2.16732
2.18124
2.18851
2.18781
2.18253
2.16867
2.15453
2.15387
2.16038
2.17126
2.18037
2.19181
2.20192
2.20322
2.2014
2.19759
2.19521
2.19628
2.19566
2.1919
2.18821
2.18735
2.18818
2.19317
2.2024
1
1
1
1
1
1
1
1
1
1
1
1
1
1
1
1
1
1
1
1
1
1
1
1
1
1
1
1
1
1
1
1
1
1
1
1
1
1
1
1
1
1
1
1
0.999959
0.999044
1.04445
1.15752
1.35553
1.60522
1.81295
1.94219
2.00079
2.04755
2.08204
2.11162
2.14999
2.1686
2.16959
2.1677
2.16458
2.16245
2.15834
2.15404
2.15173
2.15241
2.15417
2.16282
2.17749
2.18696
2.19023
2.19713
2.20491
2.20568
2.19775
2.17626
2.17015
2.17069
2.1746
2.18768
1
1
1
1
1
1
1
1
1
1
1
1
1
1
1
1
1
1
1
1
1
1
1
1
1
1
1
1
1
1
1
1
1
1
1
1
1
1
1
1
1
1
1
1
1
1
1
1
0.999234
1.02727
1.1123
1.25497
1.50061
1.78891
1.9542
1.98392
2.02631
2.08203
2.11865
2.13783
2.14755
2.15464
2.16079
2.15883
2.15194
2.13881
2.13282
2.13655
2.1451
2.15296
2.16429
2.18012
2.19261
2.19555
2.19305
2.17926
2.16087
2.15742
2.16044
2.1767
1
1
1
1
1
1
1
1
1
1
1
1
1
1
1
1
1
1
1
1
1
1
1
1
1
1
1
1
1
1
1
1
1
1
1
1
1
1
1
1
1
1
1
1
1
1
1
1
1
1
1
0.999441
1.01139
1.08952
1.33246
1.5843
1.72035
1.84965
1.96035
2.01724
2.06033
2.12225
2.14581
2.14546
2.14159
2.14107
2.14089
2.13515
2.12746
2.1256
2.12655
2.13706
2.16111
2.17683
2.1782
2.17434
2.17166
2.16963
2.17077
2.17189
1
1
1
1
1
1
1
1
1
1
1
1
1
1
1
1
1
1
1
1
1
1
1
1
1
1
1
1
1
1
1
1
1
1
1
1
1
1
1
1
1
1
1
1
1
1
1
1
1
1
1
1
1
1
0.999294
1.02185
1.06002
1.22241
1.55289
1.81089
1.90215
1.97095
2.06655
2.11463
2.12937
2.13359
2.14057
2.14746
2.14044
2.12192
2.11063
2.11467
2.12957
2.14057
2.1474
2.1531
2.15592
2.16106
2.17137
2.17403
1
1
1
1
1
1
1
1
1
1
1
1
1
1
1
1
1
1
1
1
1
1
1
1
1
1
1
1
1
1
1
1
1
1
1
1
1
1
1
1
1
1
1
1
1
1
1
1
1
1
1
1
1
1
1
1
0.999975
0.999398
1.01315
1.15437
1.44175
1.60553
1.77705
1.94175
2.00962
2.06185
2.1225
2.13131
2.12921
2.12324
2.12485
2.12497
2.12155
2.11955
2.11747
2.11368
2.12199
2.14738
2.1661
2.16863
1
1
1
1
1
1
1
1
1
1
1
1
1
1
1
1
1
1
1
1
1
1
1
1
1
1
1
1
1
1
1
1
1
1
1
1
1
1
1
1
1
1
1
1
1
1
1
1
1
1
1
1
1
1
1
1
1
1
1
0.999603
1.00708
1.0304
1.14782
1.4891
1.79446
1.89666
1.96391
2.05494
2.10534
2.11925
2.1273
2.14306
2.14797
2.13817
2.11281
2.09398
2.09527
2.10866
2.13475
2.15641
1
1
1
1
1
1
1
1
1
1
1
1
1
1
1
1
1
1
1
1
1
1
1
1
1
1
1
1
1
1
1
1
1
1
1
1
1
1
1
1
1
1
1
1
1
1
1
1
1
1
1
1
1
1
1
1
1
1
1
1
1
0.99999
0.999584
1.0099
1.14658
1.43224
1.58799
1.77648
1.94933
2.01956
2.08466
2.13419
2.13596
2.1336
2.12599
2.11587
2.10095
2.0977
2.10473
2.12392
1
1
1
1
1
1
1
1
1
1
1
1
1
1
1
1
1
1
1
1
1
1
1
1
1
1
1
1
1
1
1
1
1
1
1
1
1
1
1
1
1
1
1
1
1
1
1
1
1
1
1
1
1
1
1
1
1
1
1
1
1
1
1
1
0.999687
1.00791
1.03137
1.17893
1.56466
1.87834
1.97634
2.01863
2.07308
2.11167
2.12614
2.12792
2.12772
2.12317
2.11794
2.10984
1
1
1
1
1
1
1
1
1
1
1
1
1
1
1
1
1
1
1
1
1
1
1
1
1
1
1
1
1
1
1
1
1
1
1
1
1
1
1
1
1
1
1
1
1
1
1
1
1
1
1
1
1
1
1
1
1
1
1
1
1
1
1
1
0.999999
0.999999
0.999937
1.00019
1.0318
1.3303
1.62428
1.73587
1.86458
1.99742
2.08905
2.12813
2.13531
2.14161
2.13779
2.12213
1
1
1
1
1
1
1
1
1
1
1
1
1
1
1
1
1
1
1
1
1
1
1
1
1
1
1
1
1
1
1
1
1
1
1
1
1
1
1
1
1
1
1
1
1
1
1
1
1
1
1
1
1
1
1
1
1
1
1
1
1
1
1
1
1
1
1
0.999998
0.999899
1.00473
1.03469
1.1321
1.39345
1.72919
1.97651
2.0475
2.09534
2.12292
2.12304
2.11718
1
1
1
1
1
1
1
1
1
1
1
1
1
1
1
1
1
1
1
1
1
1
1
1
1
1
1
1
1
1
1
1
1
1
1
1
1
1
1
1
1
1
1
1
1
1
1
1
1
1
1
1
1
1
1
1
1
1
1
1
1
1
1
1
1
1
1
1
0.999998
1
0.999972
1.00007
1.0077
1.16819
1.62372
1.8875
1.96724
2.02913
2.06161
2.0909
1
1
1
1
1
1
1
1
1
1
1
1
1
1
1
1
1
1
1
1
1
1
1
1
1
1
1
1
1
1
1
1
1
1
1
1
1
1
1
1
1
1
1
1
1
1
1
1
1
1
1
1
1
1
1
1
1
1
1
1
1
1
1
1
1
1
1
1
1
1
0.999999
0.999999
0.999975
1.00152
1.05239
1.29871
1.56355
1.7969
1.95569
2.05173
1
1
1
1
1
1
1
1
1
1
1
1
1
1
1
1
1
1
1
1
1
1
1
1
1
1
1
1
1
1
1
1
1
1
1
1
1
1
1
1
1
1
1
1
1
1
1
1
1
1
1
1
1
1
1
1
1
1
1
1
1
1
1
1
1
1
1
1
1
1
1
1
0.999998
0.999999
0.999941
1.0039
1.04312
1.19901
1.58104
2.0089
1
1
1
1
1
1
1
1
1
1
1
1
1
1
1
1
1
1
1
1
1
1
1
1
1
1
1
1
1
1
1
1
1
1
1
1
1
1
1
1
1
1
1
1
1
1
1
1
1
1
1
1
1
1
1
1
1
1
1
1
1
1
1
1
1
1
1
1
1
1
1
1
1
1
0.999997
0.999999
0.99996
1.00195
1.06109
1.71274
1
1
1
1
1
1
1
1
1
1
1
1
1
1
1
1
1
1
1
1
1
1
1
1
1
1
1
1
1
1
1
1
1
1
1
1
1
1
1
1
1
1
1
1
1
1
1
1
1
1
1
1
1
1
1
1
1
1
1
1
1
1
1
1
1
1
1
1
1
1
1
1
1
1
1
1
0.999998
0.999992
1.00037
1.16416
1
1
1
1
1
1
1
1
1
1
1
1
1
1
1
1
1
1
1
1
1
1
1
1
1
1
1
1
1
1
1
1
1
1
1
1
1
1
1
1
1
1
1
1
1
1
1
1
1
1
1
1
1
1
1
1
1
1
1
1
1
1
1
1
1
1
1
1
1
1
1
1
1
1
1
1
1
0.999999
0.999999
1.00416
1
1
1
1
1
1
1
1
1
1
1
1
1
1
1
1
1
1
1
1
1
1
1
1
1
1
1
1
1
1
1
1
1
1
1
1
1
1
1
1
1
1
1
1
1
1
1
1
1
1
1
1
1
1
1
1
1
1
1
1
1
1
1
1
1
1
1
1
1
1
1
1
1
1
1
1
1
1
1
1.00001
1
1
1
1
1
1
1
1
1
1
1
1
1
1
1
1
1
1
1
1
1
1
1
1
1
1
1
1
1
1
1
1
1
1
1
1
1
1
1
1
1
1
1
1
1
1
1
1
1
1
1
1
1
1
1
1
1
1
1
1
1
1
1
1
1
1
1
1
1
1
1
1
1
1
1
1
1
1
1
1
1
1
1
1
1
1
1
1
1
1
1
1
1
1
1
1
1
1
1
1
1
1
1
1
1
1
1
1
1
1
1
1
1
1
1
1
1
1
1
1
1
1
1
1
1
1
1
1
1
1
1
1
1
1
1
1
1
1
1
1
1
1
1
1
1
1
1
1
1
1
1
1
1
1
1
1
1
1
1
1
1
1
1
1
1
1
1
1
1
1
1
1
1
1
1
1
1
1
1
1
1
1
1
1
1
1
1
1
1
1
1
1
1
1
1
1
1
1
1
1
1
1
1
1
1
1
1
1
1
1
1
1
1
1
1
1
1
1
1
1
1
1
1
1
1
1
1
1
1
1
1
1
1
1
1
1
1
1
1
1
1
1
1
1
1
1
1
1
1
1
1
1
1
1
1
1
1
1
1
1
1
1
1
1
1
1
1
1
1
1
1
1
1
1
1
1
1
1
1
1
1
1
1
1
1
1
1
1
1
1
1
1
1
1
1
1
1
1
1
1
1
1
1
1
1
1
1
1
1
1
1
1
1
1
1
1
1
1
1
1
1
1
1
1
1
1
1
1
1
1
1
1
1
1
1
1
1
1
1
1
1
1
1
1
1
1
1
1
1
1
1
1
1
1
1
1
1
1
1
1
1
1
1
1
1
1
1
1
1
1
1
1
1
1
1
1
1
1
1
1
1
1
1
1
1
1
1
1
1
1
1
1
1
1
1
1
1
1
1
1
1
1
1
1
1
1
1
1
1
1
1
1
1
1
1
1
1
1
1
1
1
1
1
1
1
1
1
1
1
1
1
1
1
1
1
1
1
1
1
1
1
1
1
1
1
1
1
1
1
1
1
1
1
1
1
1
1
1
1
1
1
1
1
1
1
1
1
1
1
1
1
1
1
1
1
1
1
1
1
1
1
1
1
1
1
1
1
1
1
1
1
1
1
1
1
1
1
1
1
1
1
1
1
1
1
1
1
1
1
1
1
1
1
1
1
1
1
1
1
1
1
1
1
1
1
1
1
1
1
1
1
1
1
1
1
1
1
1
1
1
1
1
1
1
1
1
1
1
1
1
1
1
1
1
1
1
1
1
1
1
1
1
1
1
1
1
1
1
1
1
1
1
1
1
1
1
1
1
1
1
1
1
1
1
1
1
1
1
1
1
1
1
1
1
1
1
1
1
1
1
1
1
1
1
1
1
1
1
1
1
1
1
1
1
1
1
1
1
1
1
1
1
1
1
1
1
1
1
1
1
1
1
1
1
1
1
1
1
1
1
1
1
1
1
1
1
1
1
1
1
1
1
1
1
1
1
1
1
1
1
1
1
1
1
1
1
1
1
1
1
1
1
1
1
1
1
1
1
1
1
1
1
1
1
1
1
1
1
1
1
1
1
1
1
1
1
1
1
1
1
1
1
1
1
1
1
1
1
1
1
1
1
1
1
1
1
1
1
1
1
1
1
1
1
1
1
1
1
1
1
1
1
1
1
1
1
1
1
1
1
1
1
1
1
1
1
1
1
1
1
1
1
1
1
1
1
1
1
1
1
1
1
1
1
1
1
1
1
1
1
1
1
1
1
1
1
1
1
1
1
1
1
1
1
1
1
1
1
1
1
1
1
1
1
1
1
1
1
1
1
1
1
1
1
1
1
1
1
1
1
1
1
1
1
1
1
1
1
1
1
1
1
1
1
1
1
1
1
1
1
1
1
1
1
1
1
1
1
1
1
1
1
1
1
1
1
1
1
1
1
1
1
1
1
1
1
1
1
1
1
1
1
1
1
1
1
1
1
1
1
1
1
1
1
1
1
1
1
1
1
1
1
1
1
1
1
1
1
1
1
1
1
1
1
1
1
1
1
1
1
1
1
1
1
1
1
1
1
1
1
1
1
1
1
1
1
1
1
1
1
1
1
1
1
1
1
1
1
1
1
1
1
1
1
1
1
1
1
1
1
1
1
1
1
1
1
1
1
1
1
1
1
1
1
1
1
1
1
1
1
1
1
1
1
1
1
1
1
1
1
1
1
1
1
1
1
1
1
1
1
1
1
1
1
1
1
1
1
1
1
1
1
1
1
1
1
1
1
1
1
1
1
1
1
1
1
1
1
1
1
1
1
1
1
1
1
1
1
1
1
1
1
1
1
1
1
1
1
1
1
1
1
1
1
1
1
1
1
1
1
)
;

boundaryField
{
    inlet
    {
        type            fixedValue;
        value           uniform 1;
    }
    outlet
    {
        type            zeroGradient;
    }
    bottom
    {
        type            symmetryPlane;
    }
    top
    {
        type            symmetryPlane;
    }
    obstacle
    {
        type            zeroGradient;
    }
    defaultFaces
    {
        type            empty;
    }
}


// ************************************************************************* //
