/*--------------------------------*- C++ -*----------------------------------*\
| =========                 |                                                 |
| \\      /  F ield         | OpenFOAM: The Open Source CFD Toolbox           |
|  \\    /   O peration     | Version:  2206                                  |
|   \\  /    A nd           | Website:  www.openfoam.com                      |
|    \\/     M anipulation  |                                                 |
\*---------------------------------------------------------------------------*/
FoamFile
{
    version     2.0;
    format      ascii;
    arch        "LSB;label=32;scalar=64";
    class       volScalarField;
    location    "0.18";
    object      p;
}
// * * * * * * * * * * * * * * * * * * * * * * * * * * * * * * * * * * * * * //

dimensions      [1 -1 -2 0 0 0 0];

internalField   nonuniform List<scalar> 
4800
(
1
1
1
1
1
1
1
1
1
1
1
1
1
1
1
1
1
1
1
1
1
1
1
1
1
1
1
1
1
1
1
1
1
1
1
1
1
1
1
1
1
1
1
1
1
1
1
1
1
1
1
1
1
1
1
1
1
1
1
1
1
1
1
1
1
1
1
1
1
1
1
1
1
1
1
1
1
1
1
1
1
1
1
1
1
1
1
1
1
1
1
1
1
1
1
1
1
1
1
1
1
1
1
1
1
1
1
1
1
1
1
1
1
1
1
1
1
1
1
1
1
1
1
1
1
1
1
1
1
1
1
1
1
1
1
1
1
1
1
1
1
1
1
1
1
1
1
1
1
1
1
1
1
1
1
1
1
1
1
1
1
1
1
1
1
1
1
1
1
1
1
1
1
1
1
1
1
1
1
1
1
1
1
1
1
1
1
1
1
1
1
1
1
1
1
1
1
1
1
1
1
1
1
1
1
1
1
1
1
1
1
1
1
1
1
1
1
1
1
1
1
1
1
1
1
1
1
1
1
1
1
1
1
1
1
1
1
1
1
1
1
1
1
1
1
1
1
1
1
1
1
1
1
1
1
1
1
1
1
1
1
1
1
1
1
1
1
1
1
1
1
1
1
1
1
1
1
1
1
1
1
1
1
1
1
1
1
1
1
1
1
1
1
1
1
1
1
1
1
1
1
1
1
1
1
1
1
1
1
1
1
1
1
1
1
1
1
1
1
1
1
1
1
1
1
1
1
1
1
1
1
1
1
1
1
1
1
1
1
1
1
1
1
1
1
1
1
1
1
1
1
1
1
1
1
1
1
1
1
1
1
1
1
1
1
1
1
1
1
1
1
1
1
1
1
1
1
1
1
1
1
1
1
1
1
1
1
1
1
1
1
1
1
1
1
1
1
1
1
1
1
1
1
1
1
1
1
1
1
1
1
1
1
1
1
1
1
1
1
1
1
1
1
1
1
1
1
1
1
1
1
1
1
1
1
1
1
1
1
1
1
1
1
1
1
1
1
1
1
1
1
1
1
1
1
1
1
1
1
1
1
1
1
1
1
1
1
1
1
1
1
1
1
1
1
1
1
1
1
1
1
1
1
1
1
1
1
1
1
1
1
1
1
1
1
1
1
1
1
1
1
1
1
1
1
1
1
1
1
1
1
1
1
1
1
1
1
1
1
1
1
1
1
1
1
1
1
1
1
1
1
1
1
1
1
1
1
1
1
1
1
1
1
1
1
1
1
1
1
1
1
1
1
1
1
1
1
1
1
1
1
1
1
1
1
1
1
1
1
1
1
1
1
1
1
1
1
1
1
1
1
1
1
1
1
1
1
1
1
1
1
1
1
1
1
1
1
1
1
1
1
1
1
1
1
1
1
1
1
1
1
1
1
1
1
1
1
1
1
1
1
1
1
1
1
1
1
1
1
1
1
1
1
1
1
1
1
1
1
1
1
1
1
1
1
1
1
1
1
1
1
1
1
1
1
1
1
1
1
1
1
1
1
1
1
1
1
1
1
1
1
1
1
1
1
1
1
1
1
1
1
1
1
1
1
1
1
1
1
1
1
1
1
1
1
1
1
1
1
1
1
1
1
1
1
1
1
1
1
1
1
1
1
1
1
1
1
1
1
1
1
1
1
1
1
1
1
1
1
1
1
1
1
1
1
1
1
1
1
1
1
1
1
1
1
1
1
1
1
1
1
1
1
1
1
1
1
1
1
1
1
1
1
1
1
1
1
1
1
1
1
1
1
1
1
1
1
1
1
1
1
1
1
1
1
1
1
1
1
1
1
1
1
1
1
1
1
1
1
1
1
1
1
1
1
1
1
1
1
1
1
1
1
1
1
1
1
1
1
1
1
1
1
1
1
1
1
1
1
1
1
1
1
1
1
1
1
1
1
1
1
1
1
1
1
1
1
1
1
1
1
1
1
1
1
1
1
1
1
1
1
1
1
1
1
1
1
1
1
1
1
1
1
1
1
1
1
1
1
1
1
1
1
1
1
1
1
1
1
1
1
1
1
1
1
1
1
1
1
1
1
1
1
1
1
1
1
1
1
1
1
1
1
1
1
1
1
1
1
1
1
1
1
1
1
1
1
1
1
1
1
1
1
1
1
1
1
1
1
1
1
1
1
1
1
1
1
1
1
1
1
1
1
1
1
1
1
1
1
1
1
1
1
1
1
1
1
1
1
1
1
1
1
1
1
1
1
1
1
1
1
1
1
1
1
1
1
1
1
1
1
1
1
1
1
1
1
1
1
1
1
1
1
1
1
1
1
1
1
1
1
1
1
1
1
1
1
1
1
1
1
1
1
1
1
1
1
1
1
1
1
1
1
1
1
1
1
1
1
1
1
1
1
1
1
1
1
1
1
1
1
1
1
1
1
1
1
1
1
1
1
1
1
1
1
1
1
1
1
1
1
1
1
1
1
1
1
1
1
1
1
1
1
1
1
1
1
1
1
1
1
1
1
1
1
1
1
1
1
1
1
1
1
1
1
1
1
1
1
1
1
1
1
1
1
1
1
1
1
1
1
1
1
1
1
1
1
1
1
1
1
1
1
1
1
1
1
1
1
1
1
1
1
1
1
1
1
1
1
1
1
1
1
1
1
1
1
1
1
1
1
1
1
1
1
1
1
1
1
1
1
1
1
1
1
1
1
1
1
1
1
1
1
1
1
1
1
1
1
1
1
1
1
1
1
1
1
1
1
1
1
1
1
1
1
1
1
1
1
1
1
1
1
1
1
1
1
1
1
1
1
1
1
1
1
1
1
1
1
1
1
1
1
1
1
1
1
1
1
1
1
1
1
1
1
1
1
1
1
1
1
1
1
1
1
1
1
1
1
1
1
1
1
1
1
1
1
1
1
1
1
1
1
1
1
1
1
1
1
1
1
1
1
1
1
1
1
1
1
1
1
1
1
1
1
1
1
1
1
1
1
1
1
1
1
1
1
1
1
1
1
1
1
1
1
1
1
1
1
1
1
1
1
1
1
1
1
1
1
1
1
1
1
1
1
1
1
1
1
1
1
1
1
1
1
1
1
1
1
1
1
1
1
1
1
1
1
1
1
1
1
1
1
1
1
1
1
1
1
1
1
1
1
1
1
1
1
1
1
1
1
1
1
1
1
1
1
1
1
1
1
1
1
1
1
1
1
1
1
1
1
1
1
1
1
1
1
1
1
1
1
1
1
1
1
1
1
1
1
1
1
1
1
1
1
1
1
1
1
1
1
1
1
1
1
1
1
1
1
1
1
1
1
1
1
1
1
1
1
1
1
1
1
1
1
1
1
1
1
1
1
1
1
1
1
1
1
1
1
1
1
1
1
1
1
1
1
1
1
1
1
1
1
1
1
1
1
1
1
1
1
1
1
1
1
1
1
1
1
1
1
1
1
1
1
1
1
1
1
1
1
1
1
1
1
1
1
1
1
1
1
1
1
1
1
1
1
1
1
1
1
1
1
1
1
1
1
1
1
1
1
1
1
1
1
1
1
1
1
1
1
1
1
1
1
1
1
1
1
1
1
1
1
1
1
1
1
1
1
1
1
1
1
1
1
1
1
1
1
1
1
1
1
1
1
1
1
1
1
1
1
1
1
1
1
1
1
1
1
1
1.25562
1.65806
2.15265
2.7107
3.29721
4.03946
4.98751
5.59987
6.13249
7.08154
8.52449
8.93699
9.05781
9.47196
10.3915
10.7598
10.6152
10.5742
10.5556
10.3983
9.85809
8.91638
8.0881
7.50077
7.05619
6.74167
6.57699
6.40112
6.20381
6.11637
6.11173
6.12904
6.20808
6.38213
6.58219
6.74942
6.82078
6.81297
6.77075
6.70626
6.69094
6.70968
6.73404
6.78445
6.87968
6.96055
6.98374
6.98469
6.95658
6.87581
6.78667
6.74823
6.75035
6.78488
6.88305
6.99278
7.03631
7.03733
7.01503
6.96728
6.90619
6.81445
6.72551
6.70128
6.71802
6.82244
7.00436
7.11141
7.12906
7.10159
6.99788
6.82902
6.71716
6.68822
6.69182
6.75049
6.8982
7.05419
7.13947
7.14908
1
1
0.999999
0.999987
0.999615
0.995883
1.01274
1.21061
1.35001
1.42652
1.71251
2.27965
2.82236
3.17346
3.83746
4.75437
5.31392
5.65808
6.29715
6.89474
6.86874
6.76228
7.29097
7.61734
7.65651
7.58785
7.36733
7.24564
7.24082
7.20175
7.09304
6.90445
6.74012
6.591
6.56654
6.56515
6.56866
6.59426
6.6531
6.69547
6.71151
6.72482
6.7333
6.74023
6.76167
6.82334
6.88867
6.91316
6.91217
6.87977
6.84485
6.84489
6.85803
6.86866
6.8688
6.86113
6.88113
6.92786
6.9512
6.95074
6.92735
6.90589
6.8751
6.83934
6.83667
6.8624
6.87429
6.90099
6.95496
6.97369
6.94839
6.90627
6.89297
6.88345
6.8973
6.9275
6.93998
6.9295
6.91984
6.93209
1
1
1
1
1
1
0.999989
1
1
1
1
1
0.999863
0.999195
1.03318
1.22842
1.54382
1.84403
2.42905
3.45951
4.69055
5.9904
7.14159
7.83697
8.277
8.34571
8.21857
8.07377
8.03854
7.98433
7.86946
7.60503
7.17028
6.71172
6.49735
6.48231
6.52151
6.61229
6.66175
6.70918
6.76475
6.78489
6.77434
6.749
6.74021
6.75332
6.76853
6.78276
6.82164
6.87606
6.90597
6.91497
6.9303
6.93767
6.90822
6.83849
6.79895
6.79693
6.82871
6.92163
6.97575
6.97235
6.96975
6.96293
6.93329
6.89134
6.83493
6.79881
6.78785
6.81486
6.91273
7.00301
7.03491
7.05592
7.06241
7.04557
6.99691
6.9074
6.80217
6.77473
1
1
1
1
1
1
1
1
1
1
1
1
1
1
1
1
1
1
0.9981
1.00889
1.19316
1.65012
2.28371
3.46095
4.69763
5.9786
6.40983
6.78014
7.28511
7.3679
7.42644
7.42984
7.46883
7.31953
7.05649
6.92409
6.88735
6.9109
6.91199
6.90754
6.83815
6.73968
6.65973
6.61696
6.62932
6.63777
6.64512
6.65893
6.70386
6.79715
6.9091
6.98527
7.00576
6.99757
6.93728
6.80406
6.7118
6.70618
6.72637
6.80447
6.94549
7.03666
7.06113
7.05382
7.01948
6.93573
6.83169
6.75093
6.73066
6.74503
6.8125
6.95733
7.0884
7.1344
7.13843
7.10924
7.00316
6.82032
6.72397
6.74065
1
1
1
1
1
1
1
1
1
1
1
1
1
1
1
1
1
1
1
1
1
1
0.998182
1.03548
1.17169
1.52116
2.39198
3.35307
4.52957
5.55783
6.26311
7.31907
7.64636
7.60212
7.60671
7.57136
7.47933
7.32811
7.1761
6.89612
6.69923
6.68873
6.72638
6.7379
6.71387
6.68148
6.63757
6.60874
6.62814
6.69745
6.81523
6.94205
6.99374
6.99543
6.96345
6.86466
6.76139
6.73049
6.73015
6.76577
6.87216
6.99884
7.06958
7.08758
7.06477
6.96826
6.85879
6.79354
6.76722
6.76866
6.78124
6.83537
6.95956
7.08343
7.13011
7.1159
7.0179
6.90993
6.80954
6.79806
1
1
1
1
1
1
1
1
1
1
1
1
1
1
1
1
1
1
1
1
1
1
1
0.999998
1
1
0.998078
1.01496
1.14166
1.72988
2.3884
3.29024
4.41837
5.36189
6.53966
6.94524
7.0439
7.01207
6.80436
6.82304
6.79529
6.83916
6.96574
7.07748
7.07032
6.99577
6.85776
6.70692
6.60745
6.59244
6.60022
6.665
6.80526
6.89211
6.89865
6.87691
6.81968
6.78751
6.79582
6.83727
6.86572
6.88413
6.90253
6.92812
6.96024
6.97029
6.9671
6.95109
6.90035
6.85269
6.84795
6.86452
6.87769
6.89404
6.92052
6.95328
6.97009
6.95924
6.94088
6.92536
1
1
1
1
1
1
1
1
1
1
1
1
1
1
1
1
1
1
1
1
1
1
1
1
1
1
1
1
1
1
0.998104
1.01478
1.26531
1.74211
2.5324
3.63816
4.71189
6.0393
6.49336
6.80147
6.9659
6.98859
7.0766
7.22981
7.24242
7.18392
7.04362
6.81247
6.63148
6.59931
6.5978
6.62151
6.69956
6.78846
6.86402
6.91226
6.95035
6.969
6.97776
6.95998
6.87577
6.77979
6.73531
6.7369
6.78645
6.92244
7.02067
7.06372
7.0814
7.07828
7.01299
6.88827
6.78466
6.74552
6.74319
6.78274
6.88535
6.96636
7.02134
7.05785
1
1
1
1
1
1
1
1
1
1
1
1
1
1
1
1
1
1
1
1
1
1
1
1
1
1
1
1
1
1
1
1
1
0.999714
0.997453
1.10632
1.32243
1.79678
2.78824
3.8683
5.11672
5.60612
6.08738
6.66321
6.75421
6.82791
6.84288
6.91143
6.90078
6.81678
6.74569
6.72589
6.72146
6.73167
6.74957
6.80923
6.89424
7.0055
7.07944
7.07089
6.94267
6.71956
6.65727
6.67023
6.71063
6.81969
7.01157
7.097
7.11115
7.11253
7.07235
6.88865
6.7436
6.71801
6.73026
6.77416
6.83445
6.9415
7.06038
7.09811
1
1
1
1
1
1
1
1
1
1
1
1
1
1
1
1
1
1
1
1
1
1
1
1
1
1
1
1
1
1
1
1
1
1
1
1
1
0.99863
1.01508
1.09429
1.46118
2.39254
3.26411
4.33299
5.14856
5.9224
6.54318
6.7796
6.98904
7.02683
6.99458
6.92618
6.82858
6.70019
6.58154
6.53646
6.63346
6.92204
7.0495
7.05492
7.01628
6.87977
6.71764
6.67966
6.70086
6.76295
6.84567
6.95567
7.05384
7.08711
7.07295
7.01603
6.92883
6.83597
6.80682
6.81073
6.8488
6.87768
6.93393
7.01209
1
1
1
1
1
1
1
1
1
1
1
1
1
1
1
1
1
1
1
1
1
1
1
1
1
1
1
1
1
1
1
1
1
1
1
1
1
1
1
1
0.99939
1.00488
1.03814
1.21157
1.88111
2.67903
3.70344
4.53025
5.55314
6.64006
6.83534
6.81949
6.83046
6.82575
6.64032
6.46408
6.47537
6.62565
6.90032
6.99088
6.96597
6.94267
6.95573
6.94468
6.87917
6.79507
6.76634
6.77312
6.80891
6.87507
6.92604
6.9494
6.96331
7.00634
7.02945
7.02211
6.96032
6.88602
6.87691
6.879
1
1
1
1
1
1
1
1
1
1
1
1
1
1
1
1
1
1
1
1
1
1
1
1
1
1
1
1
1
1
1
1
1
1
1
1
1
1
1
1
1
1
1
1
0.998563
1.00567
1.13675
1.6023
2.29083
3.54616
4.63505
5.55873
6.38002
6.73871
6.78882
6.6137
6.49914
6.54918
6.68057
6.85314
6.92848
6.97524
7.02408
7.07194
7.07908
7.01097
6.87489
6.74614
6.70913
6.72494
6.74022
6.76245
6.89302
7.07781
7.16696
7.17856
7.15029
7.00009
6.81888
6.79772
1
1
1
1
1
1
1
1
1
1
1
1
1
1
1
1
1
1
1
1
1
1
1
1
1
1
1
1
1
1
1
1
1
1
1
1
1
1
1
1
1
1
1
1
1
1
1
0.999142
1.00006
1.13285
1.63826
2.2053
3.03516
4.14775
5.90888
6.52007
6.48576
6.53966
6.68212
6.65183
6.53223
6.56471
6.75092
7.00369
7.07717
7.05055
7.00471
6.94411
6.82015
6.71645
6.69246
6.71203
6.77582
6.95208
7.11766
7.14558
7.11034
7.01877
6.92357
6.85147
1
1
1
1
1
1
1
1
1
1
1
1
1
1
1
1
1
1
1
1
1
1
1
1
1
1
1
1
1
1
1
1
1
1
1
1
1
1
1
1
1
1
1
1
1
1
1
1
1
1
0.999953
1.00018
1.06795
1.3109
2.17687
3.66826
4.79044
5.71754
6.44737
6.6238
6.38469
6.23221
6.36193
6.71802
7.01704
7.05342
7.06239
7.0736
7.05754
6.96607
6.83789
6.7586
6.7499
6.8275
6.8878
6.93583
6.94686
6.95106
6.9606
6.97126
1
1
1
1
1
1
1
1
1
1
1
1
1
1
1
1
1
1
1
1
1
1
1
1
1
1
1
1
1
1
1
1
1
1
1
1
1
1
1
1
1
1
1
1
1
1
1
1
1
1
1
1
1
0.999262
1.00679
1.25237
1.66317
2.14296
3.18628
5.1247
6.22529
6.21261
6.31452
6.59864
6.78308
6.71773
6.74317
6.89792
7.03896
7.04091
6.98647
6.95414
6.93819
6.90113
6.85659
6.82421
6.79707
6.79594
6.87742
6.96911
1
1
1
1
1
1
1
1
1
1
1
1
1
1
1
1
1
1
1
1
1
1
1
1
1
1
1
1
1
1
1
1
1
1
1
1
1
1
1
1
1
1
1
1
1
1
1
1
1
1
1
1
1
1
1
1
0.998975
1.00536
1.0847
1.57732
3.05629
4.35375
5.24696
6.27173
6.57194
6.34958
6.26059
6.4036
6.72979
7.01115
7.05571
7.07628
7.11424
7.14919
7.07416
6.83204
6.70347
6.69798
6.76486
6.9254
1
1
1
1
1
1
1
1
1
1
1
1
1
1
1
1
1
1
1
1
1
1
1
1
1
1
1
1
1
1
1
1
1
1
1
1
1
1
1
1
1
1
1
1
1
1
1
1
1
1
1
1
1
1
1
1
1
1
0.999857
0.999099
1.11716
1.50181
1.92447
2.93116
4.91859
6.22685
6.14534
6.24141
6.53891
6.83491
6.81838
6.87875
7.06036
7.13489
7.0874
6.95983
6.84175
6.79093
6.84021
6.9316
1
1
1
1
1
1
1
1
1
1
1
1
1
1
1
1
1
1
1
1
1
1
1
1
1
1
1
1
1
1
1
1
1
1
1
1
1
1
1
1
1
1
1
1
1
1
1
1
1
1
1
1
1
1
1
1
1
1
1
1
1
0.999325
1.00369
1.06642
1.51204
3.03163
4.48857
5.42741
6.38441
6.63282
6.51542
6.39069
6.56555
6.81371
6.94148
6.94678
6.94788
6.9956
7.09734
7.10989
1
1
1
1
1
1
1
1
1
1
1
1
1
1
1
1
1
1
1
1
1
1
1
1
1
1
1
1
1
1
1
1
1
1
1
1
1
1
1
1
1
1
1
1
1
1
1
1
1
1
1
1
1
1
1
1
1
1
1
1
1
1
1
0.999835
1.00028
1.13784
1.65449
2.2263
3.45087
5.61979
6.51831
6.44436
6.56856
6.67965
6.7415
6.63979
6.62377
6.81477
7.12551
7.13488
1
1
1
1
1
1
1
1
1
1
1
1
1
1
1
1
1
1
1
1
1
1
1
1
1
1
1
1
1
1
1
1
1
1
1
1
1
1
1
1
1
1
1
1
1
1
1
1
1
1
1
1
1
1
1
1
1
1
1
1
1
1
1
0.999999
0.999992
1.00006
1.00108
1.02355
1.16311
2.02546
3.9042
5.37663
6.15719
6.76652
6.77153
6.58941
6.40773
6.53735
6.87573
7.03367
1
1
1
1
1
1
1
1
1
1
1
1
1
1
1
1
1
1
1
1
1
1
1
1
1
1
1
1
1
1
1
1
1
1
1
1
1
1
1
1
1
1
1
1
1
1
1
1
1
1
1
1
1
1
1
1
1
1
1
1
1
1
1
1
1
1
0.999999
0.999997
0.999756
1.01698
1.4757
2.39867
3.29983
4.99831
6.53816
6.71847
6.68837
6.86781
6.84128
6.84436
1
1
1
1
1
1
1
1
1
1
1
1
1
1
1
1
1
1
1
1
1
1
1
1
1
1
1
1
1
1
1
1
1
1
1
1
1
1
1
1
1
1
1
1
1
1
1
1
1
1
1
1
1
1
1
1
1
1
1
1
1
1
1
1
1
1
1
1
0.999996
0.999935
1.00184
1.03361
1.21106
1.72569
3.54642
5.29093
6.43493
6.94229
7.04485
6.99356
1
1
1
1
1
1
1
1
1
1
1
1
1
1
1
1
1
1
1
1
1
1
1
1
1
1
1
1
1
1
1
1
1
1
1
1
1
1
1
1
1
1
1
1
1
1
1
1
1
1
1
1
1
1
1
1
1
1
1
1
1
1
1
1
1
1
1
1
1
0.999997
0.999997
1.00002
1.00003
1.00616
1.32597
2.84902
4.29274
5.49275
6.66651
6.97132
1
1
1
1
1
1
1
1
1
1
1
1
1
1
1
1
1
1
1
1
1
1
1
1
1
1
1
1
1
1
1
1
1
1
1
1
1
1
1
1
1
1
1
1
1
1
1
1
1
1
1
1
1
1
1
1
1
1
1
1
1
1
1
1
1
1
1
1
1
1
1
1
0.999999
0.999978
1.00262
1.1165
1.74284
2.67248
4.16279
6.00367
1
1
1
1
1
1
1
1
1
1
1
1
1
1
1
1
1
1
1
1
1
1
1
1
1
1
1
1
1
1
1
1
1
1
1
1
1
1
1
1
1
1
1
1
1
1
1
1
1
1
1
1
1
1
1
1
1
1
1
1
1
1
1
1
1
1
1
1
1
1
1
1
1
0.999997
0.999996
1.00006
1.00893
1.07481
1.46883
3.96337
1
1
1
1
1
1
1
1
1
1
1
1
1
1
1
1
1
1
1
1
1
1
1
1
1
1
1
1
1
1
1
1
1
1
1
1
1
1
1
1
1
1
1
1
1
1
1
1
1
1
1
1
1
1
1
1
1
1
1
1
1
1
1
1
1
1
1
1
1
1
1
1
1
1
1
1
0.999998
0.999992
1.00466
1.87435
1
1
1
1
1
1
1
1
1
1
1
1
1
1
1
1
1
1
1
1
1
1
1
1
1
1
1
1
1
1
1
1
1
1
1
1
1
1
1
1
1
1
1
1
1
1
1
1
1
1
1
1
1
1
1
1
1
1
1
1
1
1
1
1
1
1
1
1
1
1
1
1
1
1
1
1
0.999999
0.999999
1.00002
1.07612
1
1
1
1
1
1
1
1
1
1
1
1
1
1
1
1
1
1
1
1
1
1
1
1
1
1
1
1
1
1
1
1
1
1
1
1
1
1
1
1
1
1
1
1
1
1
1
1
1
1
1
1
1
1
1
1
1
1
1
1
1
1
1
1
1
1
1
1
1
1
1
1
1
1
1
1
1
1
1
1.0011
1
1
1
1
1
1
1
1
1
1
1
1
1
1
1
1
1
1
1
1
1
1
1
1
1
1
1
1
1
1
1
1
1
1
1
1
1
1
1
1
1
1
1
1
1
1
1
1
1
1
1
1
1
1
1
1
1
1
1
1
1
1
1
1
1
1
1
1
1
1
1
1
1
1
1
1
1
1
1
1
1
1
1
1
1
1
1
1
1
1
1
1
1
1
1
1
1
1
1
1
1
1
1
1
1
1
1
1
1
1
1
1
1
1
1
1
1
1
1
1
1
1
1
1
1
1
1
1
1
1
1
1
1
1
1
1
1
1
1
1
1
1
1
1
1
1
1
1
1
1
1
1
1
1
1
1
1
1
1
1
1
1
1
1
1
1
1
1
1
1
1
1
1
1
1
1
1
1
1
1
1
1
1
1
1
1
1
1
1
1
1
1
1
1
1
1
1
1
1
1
1
1
1
1
1
1
1
1
1
1
1
1
1
1
1
1
1
1
1
1
1
1
1
1
1
1
1
1
1
1
1
1
1
1
1
1
1
1
1
1
1
1
1
1
1
1
1
1
1
1
1
1
1
1
1
1
1
1
1
1
1
1
1
1
1
1
1
1
1
1
1
1
1
1
1
1
1
1
1
1
1
1
1
1
1
1
1
1
1
1
1
1
1
1
1
1
1
1
1
1
1
1
1
1
1
1
1
1
1
1
1
1
1
1
1
1
1
1
1
1
1
1
1
1
1
1
1
1
1
1
1
1
1
1
1
1
1
1
1
1
1
1
1
1
1
1
1
1
1
1
1
1
1
1
1
1
1
1
1
1
1
1
1
1
1
1
1
1
1
1
1
1
1
1
1
1
1
1
1
1
1
1
1
1
1
1
1
1
1
1
1
1
1
1
1
1
1
1
1
1
1
1
1
1
1
1
1
1
1
1
1
1
1
1
1
1
1
1
1
1
1
1
1
1
1
1
1
1
1
1
1
1
1
1
1
1
1
1
1
1
1
1
1
1
1
1
1
1
1
1
1
1
1
1
1
1
1
1
1
1
1
1
1
1
1
1
1
1
1
1
1
1
1
1
1
1
1
1
1
1
1
1
1
1
1
1
1
1
1
1
1
1
1
1
1
1
1
1
1
1
1
1
1
1
1
1
1
1
1
1
1
1
1
1
1
1
1
1
1
1
1
1
1
1
1
1
1
1
1
1
1
1
1
1
1
1
1
1
1
1
1
1
1
1
1
1
1
1
1
1
1
1
1
1
1
1
1
1
1
1
1
1
1
1
1
1
1
1
1
1
1
1
1
1
1
1
1
1
1
1
1
1
1
1
1
1
1
1
1
1
1
1
1
1
1
1
1
1
1
1
1
1
1
1
1
1
1
1
1
1
1
1
1
1
1
1
1
1
1
1
1
1
1
1
1
1
1
1
1
1
1
1
1
1
1
1
1
1
1
1
1
1
1
1
1
1
1
1
1
1
1
1
1
1
1
1
1
1
1
1
1
1
1
1
1
1
1
1
1
1
1
1
1
1
1
1
1
1
1
1
1
1
1
1
1
1
1
1
1
1
1
1
1
1
1
1
1
1
1
1
1
1
1
1
1
1
1
1
1
1
1
1
1
1
1
1
1
1
1
1
1
1
1
1
1
1
1
1
1
1
1
1
1
1
1
1
1
1
1
1
1
1
1
1
1
1
1
1
1
1
1
1
1
1
1
1
1
1
1
1
1
1
1
1
1
1
1
1
1
1
1
1
1
1
1
1
1
1
1
1
1
1
1
1
1
1
1
1
1
1
1
1
1
1
1
1
1
1
1
1
1
1
1
1
1
1
1
1
1
1
1
1
1
1
1
1
1
1
1
1
1
1
1
1
1
1
1
1
1
1
1
1
1
1
1
1
1
1
1
1
1
1
1
1
1
1
1
1
1
1
1
1
1
1
1
1
1
1
1
1
1
1
1
1
1
1
1
1
1
1
1
1
1
1
1
1
1
1
1
1
1
1
1
1
1
1
1
1
1
1
1
1
1
1
1
1
1
1
1
1
1
1
1
1
1
1
1
1
1
1
1
1
1
1
1
1
1
1
1
1
1
1
1
1
1
1
1
1
1
1
1
1
1
1
1
1
1
1
1
1
1
1
1
1
1
1
1
1
1
1
1
1
1
1
1
1
1
1
1
1
1
1
1
1
1
1
1
1
1
1
1
1
1
1
1
1
1
1
1
1
1
1
1
1
1
1
1
1
1
1
1
1
1
1
1
1
1
1
1
1
1
1
1
1
1
1
1
1
1
1
1
1
1
1
1
1
1
1
1
1
1
1
1
1
1
1
1
1
1
1
1
1
1
1
1
1
1
1
1
1
)
;

boundaryField
{
    inlet
    {
        type            fixedValue;
        value           uniform 1;
    }
    outlet
    {
        type            zeroGradient;
    }
    bottom
    {
        type            symmetryPlane;
    }
    top
    {
        type            symmetryPlane;
    }
    obstacle
    {
        type            zeroGradient;
    }
    defaultFaces
    {
        type            empty;
    }
}


// ************************************************************************* //
