/*--------------------------------*- C++ -*----------------------------------*\
| =========                 |                                                 |
| \\      /  F ield         | OpenFOAM: The Open Source CFD Toolbox           |
|  \\    /   O peration     | Version:  2206                                  |
|   \\  /    A nd           | Website:  www.openfoam.com                      |
|    \\/     M anipulation  |                                                 |
\*---------------------------------------------------------------------------*/
FoamFile
{
    version     2.0;
    format      ascii;
    arch        "LSB;label=32;scalar=64";
    class       volScalarField;
    location    "0.2";
    object      p;
}
// * * * * * * * * * * * * * * * * * * * * * * * * * * * * * * * * * * * * * //

dimensions      [1 -1 -2 0 0 0 0];

internalField   nonuniform List<scalar> 
4800
(
1
1
1
1
1
1
1
1
1
1
1
1
1
1
1
1
1
1
1
1
1
1
1
1
1
1
1
1
1
1
1
1
1
1
1
1
1
1
1
1
1
1
1
1
1
1
1
1
1
1
1
1
1
1
1
1
1
1
1
1
1
1
1
1
1
1
1
1
1
1
1
1
1
1
1
1
1
1
1
1
1
1
1
1
1
1
1
1
1
1
1
1
1
1
1
1
1
1
1
1
1
1
1
1
1
1
1
1
1
1
1
1
1
1
1
1
1
1
1
1
1
1
1
1
1
1
1
1
1
1
1
1
1
1
1
1
1
1
1
1
1
1
1
1
1
1
1
1
1
1
1
1
1
1
1
1
1
1
1
1
1
1
1
1
1
1
1
1
1
1
1
1
1
1
1
1
1
1
1
1
1
1
1
1
1
1
1
1
1
1
1
1
1
1
1
1
1
1
1
1
1
1
1
1
1
1
1
1
1
1
1
1
1
1
1
1
1
1
1
1
1
1
1
1
1
1
1
1
1
1
1
1
1
1
1
1
1
1
1
1
1
1
1
1
1
1
1
1
1
1
1
1
1
1
1
1
1
1
1
1
1
1
1
1
1
1
1
1
1
1
1
1
1
1
1
1
1
1
1
1
1
1
1
1
1
1
1
1
1
1
1
1
1
1
1
1
1
1
1
1
1
1
1
1
1
1
1
1
1
1
1
1
1
1
1
1
1
1
1
1
1
1
1
1
1
1
1
1
1
1
1
1
1
1
1
1
1
1
1
1
1
1
1
1
1
1
1
1
1
1
1
1
1
1
1
1
1
1
1
1
1
1
1
1
1
1
1
1
1
1
1
1
1
1
1
1
1
1
1
1
1
1
1
1
1
1
1
1
1
1
1
1
1
1
1
1
1
1
1
1
1
1
1
1
1
1
1
1
1
1
1
1
1
1
1
1
1
1
1
1
1
1
1
1
1
1
1
1
1
1
1
1
1
1
1
1
1
1
1
1
1
1
1
1
1
1
1
1
1
1
1
1
1
1
1
1
1
1
1
1
1
1
1
1
1
1
1
1
1
1
1
1
1
1
1
1
1
1
1
1
1
1
1
1
1
1
1
1
1
1
1
1
1
1
1
1
1
1
1
1
1
1
1
1
1
1
1
1
1
1
1
1
1
1
1
1
1
1
1
1
1
1
1
1
1
1
1
1
1
1
1
1
1
1
1
1
1
1
1
1
1
1
1
1
1
1
1
1
1
1
1
1
1
1
1
1
1
1
1
1
1
1
1
1
1
1
1
1
1
1
1
1
1
1
1
1
1
1
1
1
1
1
1
1
1
1
1
1
1
1
1
1
1
1
1
1
1
1
1
1
1
1
1
1
1
1
1
1
1
1
1
1
1
1
1
1
1
1
1
1
1
1
1
1
1
1
1
1
1
1
1
1
1
1
1
1
1
1
1
1
1
1
1
1
1
1
1
1
1
1
1
1
1
1
1
1
1
1
1
1
1
1
1
1
1
1
1
1
1
1
1
1
1
1
1
1
1
1
1
1
1
1
1
1
1
1
1
1
1
1
1
1
1
1
1
1
1
1
1
1
1
1
1
1
1
1
1
1
1
1
1
1
1
1
1
1
1
1
1
1
1
1
1
1
1
1
1
1
1
1
1
1
1
1
1
1
1
1
1
1
1
1
1
1
1
1
1
1
1
1
1
1
1
1
1
1
1
1
1
1
1
1
1
1
1
1
1
1
1
1
1
1
1
1
1
1
1
1
1
1
1
1
1
1
1
1
1
1
1
1
1
1
1
1
1
1
1
1
1
1
1
1
1
1
1
1
1
1
1
1
1
1
1
1
1
1
1
1
1
1
1
1
1
1
1
1
1
1
1
1
1
1
1
1
1
1
1
1
1
1
1
1
1
1
1
1
1
1
1
1
1
1
1
1
1
1
1
1
1
1
1
1
1
1
1
1
1
1
1
1
1
1
1
1
1
1
1
1
1
1
1
1
1
1
1
1
1
1
1
1
1
1
1
1
1
1
1
1
1
1
1
1
1
1
1
1
1
1
1
1
1
1
1
1
1
1
1
1
1
1
1
1
1
1
1
1
1
1
1
1
1
1
1
1
1
1
1
1
1
1
1
1
1
1
1
1
1
1
1
1
1
1
1
1
1
1
1
1
1
1
1
1
1
1
1
1
1
1
1
1
1
1
1
1
1
1
1
1
1
1
1
1
1
1
1
1
1
1
1
1
1
1
1
1
1
1
1
1
1
1
1
1
1
1
1
1
1
1
1
1
1
1
1
1
1
1
1
1
1
1
1
1
1
1
1
1
1
1
1
1
1
1
1
1
1
1
1
1
1
1
1
1
1
1
1
1
1
1
1
1
1
1
1
1
1
1
1
1
1
1
1
1
1
1
1
1
1
1
1
1
1
1
1
1
1
1
1
1
1
1
1
1
1
1
1
1
1
1
1
1
1
1
1
1
1
1
1
1
1
1
1
1
1
1
1
1
1
1
1
1
1
1
1
1
1
1
1
1
1
1
1
1
1
1
1
1
1
1
1
1
1
1
1
1
1
1
1
1
1
1
1
1
1
1
1
1
1
1
1
1
1
1
1
1
1
1
1
1
1
1
1
1
1
1
1
1
1
1
1
1
1
1
1
1
1
1
1
1
1
1
1
1
1
1
1
1
1
1
1
1
1
1
1
1
1
1
1
1
1
1
1
1
1
1
1
1
1
1
1
1
1
1
1
1
1
1
1
1
1
1
1
1
1
1
1
1
1
1
1
1
1
1
1
1
1
1
1
1
1
1
1
1
1
1
1
1
1
1
1
1
1
1
1
1
1
1
1
1
1
1
1
1
1
1
1
1
1
1
1
1
1
1
1
1
1
1
1
1
1
1
1
1
1
1
1
1
1
1
1
1
1
1
1
1
1
1
1
1
1
1
1
1
1
1
1
1
1
1
1
1
1
1
1
1
1
1
1
1
1
1
1
1
1
1
1
1
1
1
1
1
1
1
1
1
1
1
1
1
1
1
1
1
1
1
1
1
1
1
1
1
1
1
1
1
1
1
1
1
1
1
1
1
1
1
1
1
1
1
1
1
1
1
1
1
1
1
1
1
1
1
1
1
1
1
1
1
1
1
1
1
1
1
1
1
1
1
1
1
1
1
1
1
1
1
1
1
1
1
1
1
1
1
1
1
1
1
1
1
1
1
1
1
1
1
1
1
1
1
1
1
1
1
1
1
1
1
1
1
1
1
1
1
1
1
1
1
1
1
1
1
1
1
1
1
1
1
1
1
1
1
1
1
1
1
1
1
1
1
1
1
1
1
1
1
1
1
1
1
1
1
1
1
1
1
1
1
1
1
1
1
1
1
1
1
1
1
1
1
1
1
1
1
1
1
1
1
1
1
1
1
1
1
1
1
1
1
1
1
1
1
1
1
1
1
1
1
1
1
1
1
1
1
1
1
1
1
1
1
1
1
1
1
1
1
1
1
1
1
1
1
1
1
1
1
1
1
1
1
1
1
1
1
1
1
1
1
1
1
1
1
1
1
1
1
1
1
1
1
1
1
1
1
1
1
1
1
1
1
1
1
1
1
1
1
1
1
1
1
1
1
1.25573
1.65827
2.13593
2.71217
3.39009
4.02484
4.67541
5.70165
6.77166
7.23354
7.63536
8.47954
9.84204
10.2988
10.2007
10.4181
10.8096
10.8038
10.4909
10.1697
9.92003
9.5126
8.81005
7.7692
6.86922
6.70729
6.64233
6.46081
6.2108
6.20367
6.25323
6.30922
6.37555
6.44857
6.54558
6.72976
6.83722
6.83092
6.79448
6.75851
6.75443
6.76674
6.8095
6.88587
6.96342
7.00359
7.00688
6.99554
6.9482
6.84957
6.76999
6.76457
6.80807
6.96094
7.1024
7.13072
7.1123
7.04265
6.91106
6.79035
6.75542
6.76075
6.84016
7.03431
7.16864
7.19657
7.18414
7.10883
6.96859
6.82171
6.74996
6.73758
6.75466
6.85059
7.05646
7.23154
7.28972
7.28719
7.22261
7.00045
1
1
0.999999
0.999512
0.99728
1.03813
1.0359
1.02082
1.1806
1.57914
1.86207
2.11777
2.62972
3.409
3.98589
4.35082
5.17148
5.82884
6.24709
6.64125
7.11095
7.2801
7.25886
7.24985
7.38038
7.62641
7.69931
7.64128
7.3903
7.13898
7.03347
6.918
6.83252
6.71597
6.69487
6.70235
6.71015
6.69318
6.67134
6.68619
6.73837
6.77264
6.79802
6.81791
6.84511
6.90307
6.95738
6.96481
6.9455
6.90572
6.87898
6.86108
6.86924
6.88913
6.92227
7.00122
7.02547
7.00678
6.96183
6.93469
6.91422
6.90546
6.91711
6.94261
6.97186
7.02694
7.05239
7.03568
6.9742
6.94491
6.92275
6.90329
6.91122
6.94203
6.96922
6.99545
7.06018
7.104
7.09188
6.98968
1
1
1
1
1
0.999994
1.00001
0.999999
0.999997
1
1
1
0.998098
1.00483
1.06813
1.13604
1.35855
1.99235
2.63498
3.36921
4.41832
5.82952
7.19108
7.57875
8.23888
8.49359
8.45643
8.37484
8.20771
7.96714
7.72889
7.49854
7.06424
6.75775
6.71994
6.70424
6.65667
6.6339
6.63991
6.67639
6.76692
6.85307
6.85154
6.82089
6.79483
6.80015
6.82514
6.88864
6.94066
6.95622
6.9607
6.9603
6.93155
6.8805
6.87224
6.88643
6.95207
6.9955
7.00404
7.00842
7.01125
6.99902
6.96646
6.90623
6.87851
6.87418
6.90611
6.99264
7.04359
7.05748
7.06244
7.04861
7.01623
6.98679
6.92572
6.88213
6.86388
6.87656
6.9557
7.03403
1
1
1
1
1
1
1
1
1
1
1
1
1
1
1
1
1
1
0.99807
1.00868
1.12134
1.41142
2.23094
3.38973
4.52789
5.8765
6.45835
6.98401
7.39041
7.38108
7.37327
7.32947
7.39249
7.31391
7.27426
7.25091
7.11697
6.92387
6.89169
6.91981
6.9525
6.92714
6.82053
6.65355
6.5367
6.53566
6.59012
6.73574
6.93024
7.02637
7.04387
7.03309
6.94582
6.83035
6.79203
6.78969
6.83295
6.95322
7.04932
7.08033
7.08654
7.06845
6.98745
6.86549
6.79974
6.79016
6.80621
6.90205
7.06213
7.14147
7.14919
7.13892
7.10004
7.00001
6.87027
6.79338
6.77497
6.77693
6.84848
7.08306
1
1
1
1
1
1
1
1
1
1
1
1
1
1
1
1
1
1
1
1
0.999999
0.999999
0.998195
1.02725
1.11985
1.51956
2.40394
3.21255
4.27203
5.25723
6.30515
7.26265
7.66037
7.92447
7.88753
7.7299
7.49
7.27977
7.18446
7.0743
7.03818
6.97908
6.8749
6.71939
6.60087
6.58699
6.61288
6.69711
6.8959
7.0504
7.06407
7.02917
6.89987
6.77358
6.74936
6.74743
6.78085
6.89809
7.04755
7.13035
7.14543
7.12541
7.0169
6.85041
6.78726
6.78536
6.79671
6.84436
6.96748
7.11362
7.19448
7.20545
7.16266
7.00947
6.85458
6.79985
6.79679
6.80856
6.84283
6.98006
1
1
1
1
1
1
1
1
1
1
1
1
1
1
1
1
1
1
1
1
1
1
1
1
1
1
0.999327
1.00235
1.11128
1.57646
2.22938
3.29507
4.40566
5.62148
6.55784
6.69008
6.86012
6.78244
6.76428
6.96124
7.18815
7.22321
7.18727
7.08026
6.94322
6.79041
6.74702
6.74204
6.79845
6.87937
6.87594
6.84187
6.78414
6.75126
6.76172
6.79645
6.84618
6.90153
6.96862
7.03144
7.05908
7.04835
6.99752
6.95091
6.89041
6.85873
6.86044
6.88901
6.93361
6.99104
7.05149
7.08641
7.08224
7.02994
6.9816
6.93684
6.90462
6.89391
6.90467
6.96607
1
1
1
1
1
1
1
1
1
1
1
1
1
1
1
1
1
1
1
1
1
1
1
1
1
1
1
1
0.999999
1
0.998128
1.03397
1.23563
1.55312
2.31059
3.41309
4.54515
5.46389
6.1087
6.88909
7.24906
7.30776
7.30887
7.27457
7.21722
7.06026
6.75942
6.72514
6.75955
6.80806
6.80285
6.78841
6.81035
6.87487
6.91799
6.92508
6.89144
6.85563
6.83817
6.84197
6.87478
6.94492
7.00209
7.03416
7.05474
7.05884
7.02195
6.95113
6.9126
6.89015
6.88029
6.8929
6.93781
7.00002
7.03314
7.06431
7.0891
7.09517
7.07538
6.99989
1
1
1
1
1
1
1
1
1
1
1
1
1
1
1
1
1
1
1
1
1
1
1
1
1
1
1
1
1
1
1
1
1
1
0.998039
1.04993
1.17451
1.74742
2.7262
3.85992
4.87759
5.50997
6.20992
6.7242
6.88041
6.81322
6.77764
6.78115
6.86881
6.88211
6.84158
6.82174
6.85701
6.95826
7.02711
7.01792
6.96224
6.81323
6.69221
6.68766
6.72131
6.82425
7.00629
7.121
7.15708
7.16516
7.14823
7.00471
6.83982
6.79892
6.79892
6.81519
6.84972
6.9265
7.05592
7.14646
7.17024
7.17257
7.1579
7.01109
1
1
1
1
1
1
1
1
1
1
1
1
1
1
1
1
1
1
1
1
1
1
1
1
1
1
1
1
1
1
1
1
1
1
1
1
1
0.998965
1.00773
1.07714
1.48292
2.06361
2.79726
3.90473
5.09129
6.33792
6.60327
6.92543
7.0419
7.02347
6.88577
6.79055
6.82875
6.943
7.02824
7.02893
6.99343
6.88407
6.71288
6.66748
6.68887
6.76244
6.89709
7.06185
7.13995
7.15584
7.13685
7.07345
6.96236
6.85771
6.81706
6.82015
6.85639
6.89242
6.94156
7.07081
7.17069
7.18303
7.16295
7.05958
1
1
1
1
1
1
1
1
1
1
1
1
1
1
1
1
1
1
1
1
1
1
1
1
1
1
1
1
1
1
1
1
1
1
1
1
1
1
1
1
1
0.99836
1.00991
1.24118
1.70792
2.65404
3.74516
4.72541
5.89042
6.30026
6.36052
6.30482
6.34447
6.62822
7.01056
7.06128
7.06042
7.05562
6.98631
6.88507
6.8241
6.7983
6.80801
6.85069
6.90462
6.97964
7.01476
7.01922
7.03055
7.04605
7.04234
7.00281
6.92506
6.8921
6.90413
6.94116
6.99894
7.03794
7.04402
7.03546
1
1
1
1
1
1
1
1
1
1
1
1
1
1
1
1
1
1
1
1
1
1
1
1
1
1
1
1
1
1
1
1
1
1
1
1
1
1
1
1
1
1
1
1
0.998674
1.01262
1.18743
1.42158
2.0357
3.10828
4.69983
5.60635
5.87055
6.41408
6.8536
6.95199
6.99746
7.01034
7.04547
7.02571
6.99151
6.95127
6.8456
6.73313
6.72163
6.74471
6.78106
6.85309
6.99042
7.10321
7.17801
7.18841
7.1567
7.0492
6.92983
6.88988
6.89222
6.88791
6.87461
6.91015
1
1
1
1
1
1
1
1
1
1
1
1
1
1
1
1
1
1
1
1
1
1
1
1
1
1
1
1
1
1
1
1
1
1
1
1
1
1
1
1
1
1
1
1
1
1
1
0.999639
0.998418
1.06824
1.32783
2.1414
3.16854
4.36859
5.33138
5.85152
6.16077
6.3975
6.81862
7.04959
7.07406
7.0826
7.05756
6.94059
6.82273
6.73406
6.70246
6.72358
6.82067
7.03576
7.17125
7.18536
7.16149
7.12846
7.09818
7.02191
6.92369
6.8486
6.8293
6.85674
1
1
1
1
1
1
1
1
1
1
1
1
1
1
1
1
1
1
1
1
1
1
1
1
1
1
1
1
1
1
1
1
1
1
1
1
1
1
1
1
1
1
1
1
1
1
1
1
1
1
0.999309
1.00399
1.07034
1.24373
1.96903
3.21179
4.41392
4.94702
5.73627
6.70268
6.97463
7.01831
7.02315
7.10815
7.11175
6.99653
6.82128
6.73128
6.76525
6.85162
6.9313
6.98212
7.0204
7.04897
7.07658
7.09899
7.10115
7.02599
6.86706
6.82401
1
1
1
1
1
1
1
1
1
1
1
1
1
1
1
1
1
1
1
1
1
1
1
1
1
1
1
1
1
1
1
1
1
1
1
1
1
1
1
1
1
1
1
1
1
1
1
1
1
1
1
1
1
0.999451
1.00268
1.05202
1.33786
2.15627
3.16844
4.5991
5.45073
6.03017
6.46547
6.93309
7.06255
7.06384
7.03085
6.99982
6.94361
6.87835
6.80723
6.75799
6.71799
6.74987
6.92784
7.12872
7.16715
7.13783
7.10616
7.03178
1
1
1
1
1
1
1
1
1
1
1
1
1
1
1
1
1
1
1
1
1
1
1
1
1
1
1
1
1
1
1
1
1
1
1
1
1
1
1
1
1
1
1
1
1
1
1
1
1
1
1
1
1
1
1
1
0.999176
1.01027
1.066
1.48268
2.63822
4.03119
4.7316
5.45699
6.47283
6.92663
6.98354
7.01456
7.15783
7.20715
7.11734
6.88275
6.66415
6.65924
6.75005
6.88706
7.01523
7.11065
7.16931
7.17238
1
1
1
1
1
1
1
1
1
1
1
1
1
1
1
1
1
1
1
1
1
1
1
1
1
1
1
1
1
1
1
1
1
1
1
1
1
1
1
1
1
1
1
1
1
1
1
1
1
1
1
1
1
1
1
1
1
1
1
0.998965
1.03164
1.2268
1.90612
2.7236
4.09901
5.39653
5.98242
6.4818
7.02145
7.12917
7.11742
7.04266
6.88773
6.8019
6.8103
6.80276
6.79636
6.84095
7.00546
7.14691
1
1
1
1
1
1
1
1
1
1
1
1
1
1
1
1
1
1
1
1
1
1
1
1
1
1
1
1
1
1
1
1
1
1
1
1
1
1
1
1
1
1
1
1
1
1
1
1
1
1
1
1
1
1
1
1
1
1
1
1
1
0.999482
1.0048
1.03568
1.33058
2.55854
4.38239
5.09355
5.82214
6.71404
6.95096
6.97304
7.01906
7.16162
7.16706
7.04822
6.86231
6.75714
6.77957
6.8882
1
1
1
1
1
1
1
1
1
1
1
1
1
1
1
1
1
1
1
1
1
1
1
1
1
1
1
1
1
1
1
1
1
1
1
1
1
1
1
1
1
1
1
1
1
1
1
1
1
1
1
1
1
1
1
1
1
1
1
1
1
1
1
0.999938
0.999622
1.03724
1.47144
2.3933
3.19279
4.69739
5.68682
6.06618
6.60421
7.06338
7.17037
7.15342
7.11371
7.00875
6.83892
6.79324
1
1
1
1
1
1
1
1
1
1
1
1
1
1
1
1
1
1
1
1
1
1
1
1
1
1
1
1
1
1
1
1
1
1
1
1
1
1
1
1
1
1
1
1
1
1
1
1
1
1
1
1
1
1
1
1
1
1
1
1
1
1
1
1
0.999998
0.999913
1.00039
1.02845
1.10026
1.56956
3.2998
4.9384
5.64411
6.50565
7.05092
7.09307
7.12367
7.11674
7.12222
7.01347
1
1
1
1
1
1
1
1
1
1
1
1
1
1
1
1
1
1
1
1
1
1
1
1
1
1
1
1
1
1
1
1
1
1
1
1
1
1
1
1
1
1
1
1
1
1
1
1
1
1
1
1
1
1
1
1
1
1
1
1
1
1
1
1
1
0.999999
0.999999
1
0.999817
1.00268
1.1491
2.2855
3.50799
4.79978
6.11274
6.26528
6.3968
6.79536
7.09456
7.15614
1
1
1
1
1
1
1
1
1
1
1
1
1
1
1
1
1
1
1
1
1
1
1
1
1
1
1
1
1
1
1
1
1
1
1
1
1
1
1
1
1
1
1
1
1
1
1
1
1
1
1
1
1
1
1
1
1
1
1
1
1
1
1
1
1
1
1
1
0.999996
0.999982
0.99995
1.04324
1.23955
1.65556
3.1017
5.1215
5.91327
6.24274
6.65425
7.07067
1
1
1
1
1
1
1
1
1
1
1
1
1
1
1
1
1
1
1
1
1
1
1
1
1
1
1
1
1
1
1
1
1
1
1
1
1
1
1
1
1
1
1
1
1
1
1
1
1
1
1
1
1
1
1
1
1
1
1
1
1
1
1
1
1
1
1
1
1
0.999999
0.999999
1.00004
1.00007
1.00486
1.10983
2.13552
4.16081
5.26293
5.83556
6.63367
1
1
1
1
1
1
1
1
1
1
1
1
1
1
1
1
1
1
1
1
1
1
1
1
1
1
1
1
1
1
1
1
1
1
1
1
1
1
1
1
1
1
1
1
1
1
1
1
1
1
1
1
1
1
1
1
1
1
1
1
1
1
1
1
1
1
1
1
1
1
1
1
0.999999
0.999986
1.00009
1.04514
1.38915
2.39047
3.92464
5.89853
1
1
1
1
1
1
1
1
1
1
1
1
1
1
1
1
1
1
1
1
1
1
1
1
1
1
1
1
1
1
1
1
1
1
1
1
1
1
1
1
1
1
1
1
1
1
1
1
1
1
1
1
1
1
1
1
1
1
1
1
1
1
1
1
1
1
1
1
1
1
1
1
1
0.999999
0.999998
0.999951
1.00189
1.05622
1.35566
3.65417
1
1
1
1
1
1
1
1
1
1
1
1
1
1
1
1
1
1
1
1
1
1
1
1
1
1
1
1
1
1
1
1
1
1
1
1
1
1
1
1
1
1
1
1
1
1
1
1
1
1
1
1
1
1
1
1
1
1
1
1
1
1
1
1
1
1
1
1
1
1
1
1
1
1
1
0.999998
0.999998
0.999967
1.00274
1.60942
1
1
1
1
1
1
1
1
1
1
1
1
1
1
1
1
1
1
1
1
1
1
1
1
1
1
1
1
1
1
1
1
1
1
1
1
1
1
1
1
1
1
1
1
1
1
1
1
1
1
1
1
1
1
1
1
1
1
1
1
1
1
1
1
1
1
1
1
1
1
1
1
1
1
1
1
1
0.999997
1
1.03072
1
1
1
1
1
1
1
1
1
1
1
1
1
1
1
1
1
1
1
1
1
1
1
1
1
1
1
1
1
1
1
1
1
1
1
1
1
1
1
1
1
1
1
1
1
1
1
1
1
1
1
1
1
1
1
1
1
1
1
1
1
1
1
1
1
1
1
1
1
1
1
1
1
1
1
1
1
1
1
1.00026
1
1
1
1
1
1
1
1
1
1
1
1
1
1
1
1
1
1
1
1
1
1
1
1
1
1
1
1
1
1
1
1
1
1
1
1
1
1
1
1
1
1
1
1
1
1
1
1
1
1
1
1
1
1
1
1
1
1
1
1
1
1
1
1
1
1
1
1
1
1
1
1
1
1
1
1
1
1
1
1
1
1
1
1
1
1
1
1
1
1
1
1
1
1
1
1
1
1
1
1
1
1
1
1
1
1
1
1
1
1
1
1
1
1
1
1
1
1
1
1
1
1
1
1
1
1
1
1
1
1
1
1
1
1
1
1
1
1
1
1
1
1
1
1
1
1
1
1
1
1
1
1
1
1
1
1
1
1
1
1
1
1
1
1
1
1
1
1
1
1
1
1
1
1
1
1
1
1
1
1
1
1
1
1
1
1
1
1
1
1
1
1
1
1
1
1
1
1
1
1
1
1
1
1
1
1
1
1
1
1
1
1
1
1
1
1
1
1
1
1
1
1
1
1
1
1
1
1
1
1
1
1
1
1
1
1
1
1
1
1
1
1
1
1
1
1
1
1
1
1
1
1
1
1
1
1
1
1
1
1
1
1
1
1
1
1
1
1
1
1
1
1
1
1
1
1
1
1
1
1
1
1
1
1
1
1
1
1
1
1
1
1
1
1
1
1
1
1
1
1
1
1
1
1
1
1
1
1
1
1
1
1
1
1
1
1
1
1
1
1
1
1
1
1
1
1
1
1
1
1
1
1
1
1
1
1
1
1
1
1
1
1
1
1
1
1
1
1
1
1
1
1
1
1
1
1
1
1
1
1
1
1
1
1
1
1
1
1
1
1
1
1
1
1
1
1
1
1
1
1
1
1
1
1
1
1
1
1
1
1
1
1
1
1
1
1
1
1
1
1
1
1
1
1
1
1
1
1
1
1
1
1
1
1
1
1
1
1
1
1
1
1
1
1
1
1
1
1
1
1
1
1
1
1
1
1
1
1
1
1
1
1
1
1
1
1
1
1
1
1
1
1
1
1
1
1
1
1
1
1
1
1
1
1
1
1
1
1
1
1
1
1
1
1
1
1
1
1
1
1
1
1
1
1
1
1
1
1
1
1
1
1
1
1
1
1
1
1
1
1
1
1
1
1
1
1
1
1
1
1
1
1
1
1
1
1
1
1
1
1
1
1
1
1
1
1
1
1
1
1
1
1
1
1
1
1
1
1
1
1
1
1
1
1
1
1
1
1
1
1
1
1
1
1
1
1
1
1
1
1
1
1
1
1
1
1
1
1
1
1
1
1
1
1
1
1
1
1
1
1
1
1
1
1
1
1
1
1
1
1
1
1
1
1
1
1
1
1
1
1
1
1
1
1
1
1
1
1
1
1
1
1
1
1
1
1
1
1
1
1
1
1
1
1
1
1
1
1
1
1
1
1
1
1
1
1
1
1
1
1
1
1
1
1
1
1
1
1
1
1
1
1
1
1
1
1
1
1
1
1
1
1
1
1
1
1
1
1
1
1
1
1
1
1
1
1
1
1
1
1
1
1
1
1
1
1
1
1
1
1
1
1
1
1
1
1
1
1
1
1
1
1
1
1
1
1
1
1
1
1
1
1
1
1
1
1
1
1
1
1
1
1
1
1
1
1
1
1
1
1
1
1
1
1
1
1
1
1
1
1
1
1
1
1
1
1
1
1
1
1
1
1
1
1
1
1
1
1
1
1
1
1
1
1
1
1
1
1
1
1
1
1
1
1
1
1
1
1
1
1
1
1
1
1
1
1
1
1
1
1
1
1
1
1
1
1
1
1
1
1
1
1
1
1
1
1
1
1
1
1
1
1
1
1
1
1
1
1
1
1
1
1
1
1
1
1
1
1
1
1
1
1
1
1
1
1
1
1
1
1
1
1
1
1
1
1
1
1
1
1
1
1
1
1
1
1
1
1
1
1
1
1
1
1
1
1
1
1
1
1
1
1
1
1
1
1
1
1
1
1
1
1
1
1
1
1
1
1
1
1
1
1
1
1
1
1
1
1
1
1
1
1
1
1
1
1
1
1
1
1
1
1
1
1
1
1
1
1
1
1
1
1
1
1
1
1
1
1
1
1
1
1
1
1
1
1
1
1
1
1
1
1
1
1
1
1
1
1
1
1
1
1
1
1
1
1
1
1
1
1
1
1
1
1
1
1
1
1
1
1
1
1
1
1
1
1
1
1
1
1
1
1
1
1
1
1
1
1
1
1
1
1
1
1
1
1
1
1
1
1
1
1
1
1
1
1
1
1
1
1
1
1
1
1
1
1
1
1
1
1
1
1
1
1
1
1
1
1
1
1
1
1
1
1
1
1
1
1
1
1
)
;

boundaryField
{
    inlet
    {
        type            fixedValue;
        value           uniform 1;
    }
    outlet
    {
        type            zeroGradient;
    }
    bottom
    {
        type            symmetryPlane;
    }
    top
    {
        type            symmetryPlane;
    }
    obstacle
    {
        type            zeroGradient;
    }
    defaultFaces
    {
        type            empty;
    }
}


// ************************************************************************* //
