/*--------------------------------*- C++ -*----------------------------------*\
| =========                 |                                                 |
| \\      /  F ield         | OpenFOAM: The Open Source CFD Toolbox           |
|  \\    /   O peration     | Version:  2206                                  |
|   \\  /    A nd           | Website:  www.openfoam.com                      |
|    \\/     M anipulation  |                                                 |
\*---------------------------------------------------------------------------*/
FoamFile
{
    version     2.0;
    format      ascii;
    arch        "LSB;label=32;scalar=64";
    class       volScalarField;
    location    "0.1";
    object      p;
}
// * * * * * * * * * * * * * * * * * * * * * * * * * * * * * * * * * * * * * //

dimensions      [1 -1 -2 0 0 0 0];

internalField   nonuniform List<scalar> 
4800
(
1
1
1
1
1
1
1
1
1
1
1
1
1
1
1
1
1
1
1
1
1
1
1
1
1
1
1
1
1
1
1
1
1
1
1
1
1
1
1
1
1
1
1
1
1
1
1
1
1
1
1
1
1
1
1
1
1
1
1
1
1
1
1
1
1
1
1
1
1
1
1
1
1
1
1
1
1
1
1
1
1
1
1
1
1
1
1
1
1
1
1
1
1
1
1
1
1
1
1
1
1
1
1
1
1
1
1
1
1
1
1
1
1
1
1
1
1
1
1
1
1
1
1
1
1
1
1
1
1
1
1
1
1
1
1
1
1
1
1
1
1
1
1
1
1
1
1
1
1
1
1
1
1
1
1
1
1
1
1
1
1
1
1
1
1
1
1
1
1
1
1
1
1
1
1
1
1
1
1
1
1
1
1
1
1
1
1
1
1
1
1
1
1
1
1
1
1
1
1
1
1
1
1
1
1
1
1
1
1
1
1
1
1
1
1
1
1
1
1
1
1
1
1
1
1
1
1
1
1
1
1
1
1
1
1
1
1
1
1
1
1
1
1
1
1
1
1
1
1
1
1
1
1
1
1
1
1
1
1
1
1
1
1
1
1
1
1
1
1
1
1
1
1
1
1
1
1
1
1
1
1
1
1
1
1
1
1
1
1
1
1
1
1
1
1
1
1
1
1
1
1
1
1
1
1
1
1
1
1
1
1
1
1
1
1
1
1
1
1
1
1
1
1
1
1
1
1
1
1
1
1
1
1
1
1
1
1
1
1
1
1
1
1
1
1
1
1
1
1
1
1
1
1
1
1
1
1
1
1
1
1
1
1
1
1
1
1
1
1
1
1
1
1
1
1
1
1
1
1
1
1
1
1
1
1
1
1
1
1
1
1
1
1
1
1
1
1
1
1
1
1
1
1
1
1
1
1
1
1
1
1
1
1
1
1
1
1
1
1
1
1
1
1
1
1
1
1
1
1
1
1
1
1
1
1
1
1
1
1
1
1
1
1
1
1
1
1
1
1
1
1
1
1
1
1
1
1
1
1
1
1
1
1
1
1
1
1
1
1
1
1
1
1
1
1
1
1
1
1
1
1
1
1
1
1
1
1
1
1
1
1
1
1
1
1
1
1
1
1
1
1
1
1
1
1
1
1
1
1
1
1
1
1
1
1
1
1
1
1
1
1
1
1
1
1
1
1
1
1
1
1
1
1
1
1
1
1
1
1
1
1
1
1
1
1
1
1
1
1
1
1
1
1
1
1
1
1
1
1
1
1
1
1
1
1
1
1
1
1
1
1
1
1
1
1
1
1
1
1
1
1
1
1
1
1
1
1
1
1
1
1
1
1
1
1
1
1
1
1
1
1
1
1
1
1
1
1
1
1
1
1
1
1
1
1
1
1
1
1
1
1
1
1
1
1
1
1
1
1
1
1
1
1
1
1
1
1
1
1
1
1
1
1
1
1
1
1
1
1
1
1
1
1
1
1
1
1
1
1
1
1
1
1
1
1
1
1
1
1
1
1
1
1
1
1
1
1
1
1
1
1
1
1
1
1
1
1
1
1
1
1
1
1
1
1
1
1
1
1
1
1
1
1
1
1
1
1
1
1
1
1
1
1
1
1
1
1
1
1
1
1
1
1
1
1
1
1
1
1
1
1
1
1
1
1
1
1
1
1
1
1
1
1
1
1
1
1
1
1
1
1
1
1
1
1
1
1
1
1
1
1
1
1
1
1
1
1
1
1
1
1
1
1
1
1
1
1
1
1
1
1
1
1
1
1
1
1
1
1
1
1
1
1
1
1
1
1
1
1
1
1
1
1
1
1
1
1
1
1
1
1
1
1
1
1
1
1
1
1
1
1
1
1
1
1
1
1
1
1
1
1
1
1
1
1
1
1
1
1
1
1
1
1
1
1
1
1
1
1
1
1
1
1
1
1
1
1
1
1
1
1
1
1
1
1
1
1
1
1
1
1
1
1
1
1
1
1
1
1
1
1
1
1
1
1
1
1
1
1
1
1
1
1
1
1
1
1
1
1
1
1
1
1
1
1
1
1
1
1
1
1
1
1
1
1
1
1
1
1
1
1
1
1
1
1
1
1
1
1
1
1
1
1
1
1
1
1
1
1
1
1
1
1
1
1
1
1
1
1
1
1
1
1
1
1
1
1
1
1
1
1
1
1
1
1
1
1
1
1
1
1
1
1
1
1
1
1
1
1
1
1
1
1
1
1
1
1
1
1
1
1
1
1
1
1
1
1
1
1
1
1
1
1
1
1
1
1
1
1
1
1
1
1
1
1
1
1
1
1
1
1
1
1
1
1
1
1
1
1
1
1
1
1
1
1
1
1
1
1
1
1
1
1
1
1
1
1
1
1
1
1
1
1
1
1
1
1
1
1
1
1
1
1
1
1
1
1
1
1
1
1
1
1
1
1
1
1
1
1
1
1
1
1
1
1
1
1
1
1
1
1
1
1
1
1
1
1
1
1
1
1
1
1
1
1
1
1
1
1
1
1
1
1
1
1
1
1
1
1
1
1
1
1
1
1
1
1
1
1
1
1
1
1
1
1
1
1
1
1
1
1
1
1
1
1
1
1
1
1
1
1
1
1
1
1
1
1
1
1
1
1
1
1
1
1
1
1
1
1
1
1
1
1
1
1
1
1
1
1
1
1
1
1
1
1
1
1
1
1
1
1
1
1
1
1
1
1
1
1
1
1
1
1
1
1
1
1
1
1
1
1
1
1
1
1
1
1
1
1
1
1
1
1
1
1
1
1
1
1
1
1
1
1
1
1
1
1
1
1
1
1
1
1
1
1
1
1
1
1
1
1
1
1
1
1
1
1
1
1
1
1
1
1
1
1
1
1
1
1
1
1
1
1
1
1
1
1
1
1
1
1
1
1
1
1
1
1
1
1
1
1
1
1
1
1
1
1
1
1
1
1
1
1
1
1
1
1
1
1
1
1
1
1
1
1
1
1
1
1
1
1
1
1
1
1
1
1
1
1
1
1
1
1
1
1
1
1
1
1
1
1
1
1
1
1
1
1
1
1
1
1
1
1
1
1
1
1
1
1
1
1
1
1
1
1
1
1
1
1
1
1
1
1
1
1
1
1
1
1
1
1
1
1
1
1
1
1
1
1
1
1
1
1
1
1
1
1
1
1
1
1
1
1
1
1
1
1
1
1
1
1
1
1
1
1
1
1
1
1
1
1
1
1
1
1
1
1
1
1
1
1
1
1
1
1
1
1
1
1
1
1
1
1
1
1
1
1
1
1
1
1
1
1
1
1
1
1
1
1
1
1
1
1
1
1
1
1
1
1
1
1
1
1
1
1
1
1
1
1
1
1
1
1
1
1
1
1
1
1
1
1
1
1
1
1
1
1
1
1
1
1
1
1
1
1
1
1
1
1
1
1
1
1
1
1
1
1
1
1
1
1
1
1
1
1
1
1
1
1
1
1
1
1
1
1
1
1
1
1
1
1
1
1
1
1
1
1
1
1
1
1
1
1
1
1
1
1
1
1
1
1
1
1
1
1
1
1
1
1
1
1
1
1
1
1
1
1
1
1
1
1
1
1
1
1
1
1
1
1
1
1
1
1
1
1
1
1
1
1
1
1.25499
1.65486
2.1465
2.70596
3.29982
3.97624
4.95328
5.74147
6.30693
7.0806
8.6747
9.50042
9.6903
9.95333
10.8381
11.7667
11.8762
11.7499
11.8128
11.7742
11.4484
10.7274
9.84262
9.12782
8.57893
8.154
7.74176
7.11718
6.6082
6.57809
6.66826
6.75278
6.80356
6.8995
7.04915
7.09962
7.08698
7.0368
7.04758
7.1825
7.42014
7.53529
7.54317
7.52499
7.4937
7.45311
7.38955
7.31541
7.29274
7.33519
7.52609
7.68757
7.72219
7.70178
7.59769
7.43933
7.34507
7.32497
7.32545
7.34869
7.45673
7.60603
7.69326
7.72283
7.71449
7.64439
7.51418
7.36141
7.27491
7.26316
7.28948
7.38553
7.58191
7.77279
7.87415
7.88843
7.84107
7.6921
7.46115
7.32472
1
1
0.999999
0.999999
0.9999
0.997993
0.994652
1.10536
1.279
1.30014
1.46856
1.93166
2.53686
2.93505
3.3953
4.33758
5.25929
5.61409
6.12261
6.97431
7.18395
7.39403
7.67877
7.78683
8.15374
8.41294
8.35604
8.1381
7.91079
7.85067
7.81865
7.75671
7.63097
7.46973
7.39513
7.28585
7.16214
7.07668
7.07446
7.1313
7.20458
7.24452
7.28325
7.36438
7.45857
7.47026
7.45528
7.43039
7.39011
7.38362
7.39329
7.42824
7.4928
7.52289
7.52147
7.49973
7.50467
7.51567
7.5086
7.47641
7.45373
7.44582
7.47058
7.54648
7.59214
7.58379
7.54887
7.53199
7.51573
7.49855
7.48854
7.48782
7.48952
7.49257
7.55547
7.6344
7.65747
7.61543
7.5557
7.55279
1
1
1
1
1
1
0.999997
0.999991
1
1
1
1
0.999999
0.999767
0.996723
1.04162
1.27294
1.52238
1.77793
2.50398
3.73763
4.86997
6.38742
7.63175
8.42174
9.11443
9.09563
8.97295
8.92124
8.83001
8.69405
8.5221
8.25797
7.9992
7.533
7.31658
7.23847
7.19367
7.17712
7.16136
7.12886
7.11552
7.13039
7.19567
7.34267
7.47457
7.51121
7.5038
7.49328
7.47675
7.41671
7.36549
7.34362
7.34873
7.44006
7.56745
7.60954
7.61358
7.60134
7.57629
7.5163
7.42558
7.38375
7.37911
7.40816
7.51179
7.62301
7.67052
7.68993
7.69157
7.66198
7.58704
7.47877
7.38605
7.34354
7.34155
7.40107
7.55069
7.68899
7.7422
1
1
1
1
1
1
1
1
1
1
1
1
1
1
1
1
1
1
0.999999
0.997863
1.03025
1.12549
1.46423
2.31427
3.26582
4.61048
5.74163
6.6439
7.81444
8.02206
8.14214
8.13026
7.86866
7.68416
7.77772
7.8043
7.86003
7.90912
7.85194
7.69533
7.46967
7.23253
7.0682
7.06058
7.10312
7.23937
7.3569
7.40472
7.43005
7.44007
7.41171
7.36392
7.32597
7.31928
7.37659
7.49811
7.62247
7.69083
7.69546
7.6622
7.55417
7.40661
7.34305
7.33038
7.33103
7.37688
7.52319
7.70204
7.78272
7.7871
7.74571
7.63318
7.46178
7.34894
7.30749
7.29823
7.31317
7.40411
7.60953
7.794
1
1
1
1
1
1
1
1
1
1
1
1
1
1
1
1
1
1
1
1
1
1
1
0.999938
0.997071
1.07376
1.53698
2.16609
3.16921
4.46542
5.60885
7.13389
7.70999
7.93818
8.14584
8.17855
8.26983
8.39777
8.36424
8.23081
7.92159
7.43326
7.1985
7.18172
7.21066
7.27243
7.32081
7.33733
7.35026
7.35076
7.3447
7.33124
7.34331
7.35878
7.38757
7.4269
7.48317
7.58195
7.63192
7.60817
7.5274
7.45821
7.43234
7.40901
7.37784
7.37009
7.42063
7.52973
7.65323
7.72795
7.73137
7.66971
7.5939
7.52543
7.44635
7.38536
7.36463
7.36829
7.43787
7.63087
1
1
1
1
1
1
1
1
1
1
1
1
1
1
1
1
1
1
1
1
1
1
1
1
1
0.999998
1
0.998695
0.999064
1.16671
1.43432
1.93827
3.09522
4.37356
5.76132
6.34713
6.84249
7.57512
7.68543
7.74621
7.72491
7.60721
7.59291
7.56804
7.55093
7.51425
7.46727
7.41611
7.39413
7.39041
7.404
7.41609
7.39034
7.3455
7.31023
7.30642
7.32511
7.3821
7.48476
7.55399
7.58037
7.60556
7.61631
7.60071
7.52061
7.44864
7.43647
7.43959
7.43949
7.46009
7.53811
7.63016
7.65773
7.66301
7.66308
7.62577
7.49363
7.42194
7.42296
7.46338
1
1
1
1
1
1
1
1
1
1
1
1
1
1
1
1
1
1
1
1
1
1
1
1
1
1
1
1
0.999999
1
1
0.998533
1.01144
1.09793
1.40348
2.25075
3.12792
4.31078
5.39861
6.22722
7.30667
7.56484
7.78433
7.98498
7.96748
7.85979
7.63669
7.42595
7.27583
7.27097
7.35601
7.42888
7.43895
7.41226
7.30681
7.22215
7.21068
7.23709
7.32144
7.4608
7.58922
7.64839
7.66809
7.68341
7.67821
7.57533
7.41628
7.3351
7.30325
7.29447
7.3239
7.45409
7.66288
7.7804
7.80453
7.79071
7.71565
7.51211
7.38651
7.35754
1
1
1
1
1
1
1
1
1
1
1
1
1
1
1
1
1
1
1
1
1
1
1
1
1
1
1
1
1
1
1
1
1
1
1
0.999696
1.00324
1.08359
1.60893
2.26925
3.23517
4.42505
5.51321
6.92806
7.30638
7.36221
7.27638
7.05799
7.09371
7.2347
7.47204
7.61047
7.65213
7.63233
7.55363
7.4279
7.29606
7.25157
7.27738
7.32931
7.39423
7.48029
7.59563
7.68091
7.69416
7.68769
7.6128
7.45408
7.33818
7.31465
7.31825
7.34621
7.49625
7.74326
7.83857
7.83229
7.76316
7.63684
7.40305
7.33279
1
1
1
1
1
1
1
1
1
1
1
1
1
1
1
1
1
1
1
1
1
1
1
1
1
1
1
1
1
1
1
1
1
1
1
1
1
0.999998
1
0.998038
1.01923
1.2873
1.73259
2.61694
3.78264
4.97613
6.39093
6.72357
6.98853
7.34615
7.49371
7.5724
7.62594
7.62943
7.60135
7.51223
7.4179
7.35052
7.31774
7.29423
7.24372
7.23413
7.28304
7.43306
7.61331
7.69825
7.71376
7.70198
7.6329
7.47346
7.34722
7.35202
7.39967
7.49595
7.63931
7.71906
7.71904
7.6855
7.63752
7.52091
1
1
1
1
1
1
1
1
1
1
1
1
1
1
1
1
1
1
1
1
1
1
1
1
1
1
1
1
1
1
1
1
1
1
1
1
1
1
1
1
0.999999
1
0.999377
0.998009
1.12976
1.36819
1.93743
3.07931
4.36249
5.83147
6.23989
6.64491
7.06703
7.22503
7.28191
7.34296
7.51392
7.64275
7.63849
7.56531
7.34435
7.14166
7.13424
7.20759
7.37065
7.55028
7.66668
7.74151
7.76875
7.75855
7.62509
7.43879
7.39049
7.39227
7.42076
7.46288
7.50914
7.569
7.62629
7.6603
1
1
1
1
1
1
1
1
1
1
1
1
1
1
1
1
1
1
1
1
1
1
1
1
1
1
1
1
1
1
1
1
1
1
1
1
1
1
1
1
1
1
1
0.999999
1
1
0.998239
1.04437
1.19272
1.72384
2.89809
3.99411
5.09655
5.82613
6.49026
6.91797
7.32778
7.66561
7.70784
7.68868
7.5736
7.36678
7.23747
7.21324
7.24272
7.28486
7.36932
7.58629
7.74978
7.78356
7.78536
7.71584
7.60847
7.48929
7.37605
7.32319
7.30853
7.31955
7.44979
7.7131
1
1
1
1
1
1
1
1
1
1
1
1
1
1
1
1
1
1
1
1
1
1
1
1
1
1
1
1
1
1
1
1
1
1
1
1
1
1
1
1
1
1
1
1
1
1
1
1
1
0.998521
1.03238
1.10922
1.43636
2.42603
3.85253
4.87016
5.50859
6.6309
7.401
7.52227
7.48622
7.47247
7.60215
7.55105
7.41592
7.23351
7.15325
7.20788
7.34525
7.55517
7.68316
7.73122
7.76097
7.74814
7.58678
7.31835
7.24642
7.26595
7.36616
7.59834
1
1
1
1
1
1
1
1
1
1
1
1
1
1
1
1
1
1
1
1
1
1
1
1
1
1
1
1
1
1
1
1
1
1
1
1
1
1
1
1
1
1
1
1
1
1
1
1
1
1
1
1
0.99901
1.00619
1.0936
1.58824
2.37183
3.36034
4.79592
5.77455
6.3922
7.02277
7.51368
7.62503
7.62945
7.57896
7.27523
7.09851
7.07825
7.1403
7.39489
7.70923
7.81884
7.84359
7.81871
7.66543
7.43242
7.33303
7.33983
7.48543
1
1
1
1
1
1
1
1
1
1
1
1
1
1
1
1
1
1
1
1
1
1
1
1
1
1
1
1
1
1
1
1
1
1
1
1
1
1
1
1
1
1
1
1
1
1
1
1
1
1
1
1
1
1
1
0.999474
1.00512
1.04716
1.49267
2.67164
3.95254
4.7116
5.84653
7.14018
7.59109
7.62269
7.5893
7.53836
7.26264
7.10022
7.15298
7.32468
7.56906
7.77137
7.8123
7.77205
7.68868
7.60172
7.54329
7.50786
1
1
1
1
1
1
1
1
1
1
1
1
1
1
1
1
1
1
1
1
1
1
1
1
1
1
1
1
1
1
1
1
1
1
1
1
1
1
1
1
1
1
1
1
1
1
1
1
1
1
1
1
1
1
1
1
1
1
0.998734
1.01392
1.22369
1.73342
2.4037
3.88339
5.39548
6.67344
7.39809
7.43326
7.41478
7.41155
7.29195
7.17019
7.18016
7.30978
7.54884
7.64197
7.62721
7.61862
7.69361
7.72015
1
1
1
1
1
1
1
1
1
1
1
1
1
1
1
1
1
1
1
1
1
1
1
1
1
1
1
1
1
1
1
1
1
1
1
1
1
1
1
1
1
1
1
1
1
1
1
1
1
1
1
1
1
1
1
1
1
1
1
1
0.999999
0.998649
1.00579
1.27498
2.19344
3.53741
4.7076
5.83332
7.01733
7.53956
7.58242
7.48361
7.2109
7.15468
7.20351
7.34258
7.44777
7.56986
7.73229
7.79239
1
1
1
1
1
1
1
1
1
1
1
1
1
1
1
1
1
1
1
1
1
1
1
1
1
1
1
1
1
1
1
1
1
1
1
1
1
1
1
1
1
1
1
1
1
1
1
1
1
1
1
1
1
1
1
1
1
1
1
1
1
1
1
0.999186
1.00505
1.15165
1.6048
2.37201
3.88274
5.90299
7.31081
7.4445
7.38567
7.51421
7.44393
7.31287
7.2016
7.21655
7.36897
7.62967
1
1
1
1
1
1
1
1
1
1
1
1
1
1
1
1
1
1
1
1
1
1
1
1
1
1
1
1
1
1
1
1
1
1
1
1
1
1
1
1
1
1
1
1
1
1
1
1
1
1
1
1
1
1
1
1
1
1
1
1
1
1
1
1
1
0.999998
0.998905
1.01961
1.36835
2.29738
4.00046
5.53492
6.80578
7.37443
7.5408
7.54805
7.38507
7.21192
7.23549
7.36022
1
1
1
1
1
1
1
1
1
1
1
1
1
1
1
1
1
1
1
1
1
1
1
1
1
1
1
1
1
1
1
1
1
1
1
1
1
1
1
1
1
1
1
1
1
1
1
1
1
1
1
1
1
1
1
1
1
1
1
1
1
1
1
1
1
1
1
1
0.999306
1.0123
1.35192
2.34983
3.56262
4.91172
6.6781
7.44573
7.45479
7.47982
7.6618
7.5752
1
1
1
1
1
1
1
1
1
1
1
1
1
1
1
1
1
1
1
1
1
1
1
1
1
1
1
1
1
1
1
1
1
1
1
1
1
1
1
1
1
1
1
1
1
1
1
1
1
1
1
1
1
1
1
1
1
1
1
1
1
1
1
1
1
1
1
1
0.999995
0.999997
0.999746
1.01519
1.19453
1.78857
3.10115
5.09103
6.47076
7.2202
7.61314
7.6858
1
1
1
1
1
1
1
1
1
1
1
1
1
1
1
1
1
1
1
1
1
1
1
1
1
1
1
1
1
1
1
1
1
1
1
1
1
1
1
1
1
1
1
1
1
1
1
1
1
1
1
1
1
1
1
1
1
1
1
1
1
1
1
1
1
1
1
1
1
1
0.999996
0.999996
0.999782
1.00302
1.10629
2.13751
4.33326
5.51864
6.43311
7.41586
1
1
1
1
1
1
1
1
1
1
1
1
1
1
1
1
1
1
1
1
1
1
1
1
1
1
1
1
1
1
1
1
1
1
1
1
1
1
1
1
1
1
1
1
1
1
1
1
1
1
1
1
1
1
1
1
1
1
1
1
1
1
1
1
1
1
1
1
1
1
1
1
0.999997
0.999989
0.999864
1.02814
1.40363
2.62252
3.94365
6.01673
1
1
1
1
1
1
1
1
1
1
1
1
1
1
1
1
1
1
1
1
1
1
1
1
1
1
1
1
1
1
1
1
1
1
1
1
1
1
1
1
1
1
1
1
1
1
1
1
1
1
1
1
1
1
1
1
1
1
1
1
1
1
1
1
1
1
1
1
1
1
1
1
1
1
0.999997
0.999935
1.00101
1.0588
1.26973
3.27396
1
1
1
1
1
1
1
1
1
1
1
1
1
1
1
1
1
1
1
1
1
1
1
1
1
1
1
1
1
1
1
1
1
1
1
1
1
1
1
1
1
1
1
1
1
1
1
1
1
1
1
1
1
1
1
1
1
1
1
1
1
1
1
1
1
1
1
1
1
1
1
1
1
1
1
0.999999
0.999999
0.999938
1.0008
1.35811
1
1
1
1
1
1
1
1
1
1
1
1
1
1
1
1
1
1
1
1
1
1
1
1
1
1
1
1
1
1
1
1
1
1
1
1
1
1
1
1
1
1
1
1
1
1
1
1
1
1
1
1
1
1
1
1
1
1
1
1
1
1
1
1
1
1
1
1
1
1
1
1
1
1
1
1
1
0.999996
0.999997
1.01086
1
1
1
1
1
1
1
1
1
1
1
1
1
1
1
1
1
1
1
1
1
1
1
1
1
1
1
1
1
1
1
1
1
1
1
1
1
1
1
1
1
1
1
1
1
1
1
1
1
1
1
1
1
1
1
1
1
1
1
1
1
1
1
1
1
1
1
1
1
1
1
1
1
1
1
1
1
1
1
1.00005
1
1
1
1
1
1
1
1
1
1
1
1
1
1
1
1
1
1
1
1
1
1
1
1
1
1
1
1
1
1
1
1
1
1
1
1
1
1
1
1
1
1
1
1
1
1
1
1
1
1
1
1
1
1
1
1
1
1
1
1
1
1
1
1
1
1
1
1
1
1
1
1
1
1
1
1
1
1
1
1
1
1
1
1
1
1
1
1
1
1
1
1
1
1
1
1
1
1
1
1
1
1
1
1
1
1
1
1
1
1
1
1
1
1
1
1
1
1
1
1
1
1
1
1
1
1
1
1
1
1
1
1
1
1
1
1
1
1
1
1
1
1
1
1
1
1
1
1
1
1
1
1
1
1
1
1
1
1
1
1
1
1
1
1
1
1
1
1
1
1
1
1
1
1
1
1
1
1
1
1
1
1
1
1
1
1
1
1
1
1
1
1
1
1
1
1
1
1
1
1
1
1
1
1
1
1
1
1
1
1
1
1
1
1
1
1
1
1
1
1
1
1
1
1
1
1
1
1
1
1
1
1
1
1
1
1
1
1
1
1
1
1
1
1
1
1
1
1
1
1
1
1
1
1
1
1
1
1
1
1
1
1
1
1
1
1
1
1
1
1
1
1
1
1
1
1
1
1
1
1
1
1
1
1
1
1
1
1
1
1
1
1
1
1
1
1
1
1
1
1
1
1
1
1
1
1
1
1
1
1
1
1
1
1
1
1
1
1
1
1
1
1
1
1
1
1
1
1
1
1
1
1
1
1
1
1
1
1
1
1
1
1
1
1
1
1
1
1
1
1
1
1
1
1
1
1
1
1
1
1
1
1
1
1
1
1
1
1
1
1
1
1
1
1
1
1
1
1
1
1
1
1
1
1
1
1
1
1
1
1
1
1
1
1
1
1
1
1
1
1
1
1
1
1
1
1
1
1
1
1
1
1
1
1
1
1
1
1
1
1
1
1
1
1
1
1
1
1
1
1
1
1
1
1
1
1
1
1
1
1
1
1
1
1
1
1
1
1
1
1
1
1
1
1
1
1
1
1
1
1
1
1
1
1
1
1
1
1
1
1
1
1
1
1
1
1
1
1
1
1
1
1
1
1
1
1
1
1
1
1
1
1
1
1
1
1
1
1
1
1
1
1
1
1
1
1
1
1
1
1
1
1
1
1
1
1
1
1
1
1
1
1
1
1
1
1
1
1
1
1
1
1
1
1
1
1
1
1
1
1
1
1
1
1
1
1
1
1
1
1
1
1
1
1
1
1
1
1
1
1
1
1
1
1
1
1
1
1
1
1
1
1
1
1
1
1
1
1
1
1
1
1
1
1
1
1
1
1
1
1
1
1
1
1
1
1
1
1
1
1
1
1
1
1
1
1
1
1
1
1
1
1
1
1
1
1
1
1
1
1
1
1
1
1
1
1
1
1
1
1
1
1
1
1
1
1
1
1
1
1
1
1
1
1
1
1
1
1
1
1
1
1
1
1
1
1
1
1
1
1
1
1
1
1
1
1
1
1
1
1
1
1
1
1
1
1
1
1
1
1
1
1
1
1
1
1
1
1
1
1
1
1
1
1
1
1
1
1
1
1
1
1
1
1
1
1
1
1
1
1
1
1
1
1
1
1
1
1
1
1
1
1
1
1
1
1
1
1
1
1
1
1
1
1
1
1
1
1
1
1
1
1
1
1
1
1
1
1
1
1
1
1
1
1
1
1
1
1
1
1
1
1
1
1
1
1
1
1
1
1
1
1
1
1
1
1
1
1
1
1
1
1
1
1
1
1
1
1
1
1
1
1
1
1
1
1
1
1
1
1
1
1
1
1
1
1
1
1
1
1
1
1
1
1
1
1
1
1
1
1
1
1
1
1
1
1
1
1
1
1
1
1
1
1
1
1
1
1
1
1
1
1
1
1
1
1
1
1
1
1
1
1
1
1
1
1
1
1
1
1
1
1
1
1
1
1
1
1
1
1
1
1
1
1
1
1
1
1
1
1
1
1
1
1
1
1
1
1
1
1
1
1
1
1
1
1
1
1
1
1
1
1
1
1
1
1
1
1
1
1
1
1
1
1
1
1
1
1
1
1
1
1
1
1
1
1
1
1
1
1
1
1
1
1
1
1
1
1
1
1
1
1
1
1
1
1
1
1
1
1
1
1
1
1
1
1
1
1
1
1
1
1
1
1
1
1
1
1
1
1
1
1
1
1
1
1
1
1
1
1
1
1
1
1
1
1
1
1
1
1
1
1
1
1
1
1
1
1
1
1
1
1
1
1
1
1
1
1
1
1
1
1
1
1
1
1
1
1
1
1
1
1
1
1
1
1
1
1
1
1
1
1
1
1
1
1
1
1
1
1
1
1
1
1
1
1
1
1
1
1
1
1
1
1
1
1
1
1
1
1
1
1
1
1
1
1
1
1
1
1
1
1
1
1
1
1
1
1
1
1
1
1
1
1
1
1
1
1
1
1
1
1
1
1
1
1
1
1
1
1
1
1
1
1
1
1
1
1
1
1
1
1
1
1
1
1
1
1
1
1
)
;

boundaryField
{
    inlet
    {
        type            fixedValue;
        value           uniform 1;
    }
    outlet
    {
        type            zeroGradient;
    }
    bottom
    {
        type            symmetryPlane;
    }
    top
    {
        type            symmetryPlane;
    }
    obstacle
    {
        type            zeroGradient;
    }
    defaultFaces
    {
        type            empty;
    }
}


// ************************************************************************* //
