/*--------------------------------*- C++ -*----------------------------------*\
| =========                 |                                                 |
| \\      /  F ield         | OpenFOAM: The Open Source CFD Toolbox           |
|  \\    /   O peration     | Version:  2206                                  |
|   \\  /    A nd           | Website:  www.openfoam.com                      |
|    \\/     M anipulation  |                                                 |
\*---------------------------------------------------------------------------*/
FoamFile
{
    version     2.0;
    format      ascii;
    arch        "LSB;label=32;scalar=64";
    class       volScalarField;
    location    "0.1";
    object      T;
}
// * * * * * * * * * * * * * * * * * * * * * * * * * * * * * * * * * * * * * //

dimensions      [0 0 0 1 0 0 0];

internalField   nonuniform List<scalar> 
4800
(
1
1
1
1
1
1
1
1
1
1
1
1
1
1
1
1
1
1
1
1
1
1
1
1
1
1
1
1
1
1
1
1
1
1
1
1
1
1
1
1
1
1
1
1
1
1
1
1
1
1
1
1
1
1
1
1
1
1
1
1
1
1
1
1
1
1
1
1
1
1
1
1
1
1
1
1
1
1
1
1
1
1
1
1
1
1
1
1
1
1
1
1
1
1
1
1
1
1
1
1
1
1
1
1
1
1
1
1
1
1
1
1
1
1
1
1
1
1
1
1
1
1
1
1
1
1
1
1
1
1
1
1
1
1
1
1
1
1
1
1
1
1
1
1
1
1
1
1
1
1
1
1
1
1
1
1
1
1
1
1
1
1
1
1
1
1
1
1
1
1
1
1
1
1
1
1
1
1
1
1
1
1
1
1
1
1
1
1
1
1
1
1
1
1
1
1
1
1
1
1
1
1
1
1
1
1
1
1
1
1
1
1
1
1
1
1
1
1
1
1
1
1
1
1
1
1
1
1
1
1
1
1
1
1
1
1
1
1
1
1
1
1
1
1
1
1
1
1
1
1
1
1
1
1
1
1
1
1
1
1
1
1
1
1
1
1
1
1
1
1
1
1
1
1
1
1
1
1
1
1
1
1
1
1
1
1
1
1
1
1
1
1
1
1
1
1
1
1
1
1
1
1
1
1
1
1
1
1
1
1
1
1
1
1
1
1
1
1
1
1
1
1
1
1
1
1
1
1
1
1
1
1
1
1
1
1
1
1
1
1
1
1
1
1
1
1
1
1
1
1
1
1
1
1
1
1
1
1
1
1
1
1
1
1
1
1
1
1
1
1
1
1
1
1
1
1
1
1
1
1
1
1
1
1
1
1
1
1
1
1
1
1
1
1
1
1
1
1
1
1
1
1
1
1
1
1
1
1
1
1
1
1
1
1
1
1
1
1
1
1
1
1
1
1
1
1
1
1
1
1
1
1
1
1
1
1
1
1
1
1
1
1
1
1
1
1
1
1
1
1
1
1
1
1
1
1
1
1
1
1
1
1
1
1
1
1
1
1
1
1
1
1
1
1
1
1
1
1
1
1
1
1
1
1
1
1
1
1
1
1
1
1
1
1
1
1
1
1
1
1
1
1
1
1
1
1
1
1
1
1
1
1
1
1
1
1
1
1
1
1
1
1
1
1
1
1
1
1
1
1
1
1
1
1
1
1
1
1
1
1
1
1
1
1
1
1
1
1
1
1
1
1
1
1
1
1
1
1
1
1
1
1
1
1
1
1
1
1
1
1
1
1
1
1
1
1
1
1
1
1
1
1
1
1
1
1
1
1
1
1
1
1
1
1
1
1
1
1
1
1
1
1
1
1
1
1
1
1
1
1
1
1
1
1
1
1
1
1
1
1
1
1
1
1
1
1
1
1
1
1
1
1
1
1
1
1
1
1
1
1
1
1
1
1
1
1
1
1
1
1
1
1
1
1
1
1
1
1
1
1
1
1
1
1
1
1
1
1
1
1
1
1
1
1
1
1
1
1
1
1
1
1
1
1
1
1
1
1
1
1
1
1
1
1
1
1
1
1
1
1
1
1
1
1
1
1
1
1
1
1
1
1
1
1
1
1
1
1
1
1
1
1
1
1
1
1
1
1
1
1
1
1
1
1
1
1
1
1
1
1
1
1
1
1
1
1
1
1
1
1
1
1
1
1
1
1
1
1
1
1
1
1
1
1
1
1
1
1
1
1
1
1
1
1
1
1
1
1
1
1
1
1
1
1
1
1
1
1
1
1
1
1
1
1
1
1
1
1
1
1
1
1
1
1
1
1
1
1
1
1
1
1
1
1
1
1
1
1
1
1
1
1
1
1
1
1
1
1
1
1
1
1
1
1
1
1
1
1
1
1
1
1
1
1
1
1
1
1
1
1
1
1
1
1
1
1
1
1
1
1
1
1
1
1
1
1
1
1
1
1
1
1
1
1
1
1
1
1
1
1
1
1
1
1
1
1
1
1
1
1
1
1
1
1
1
1
1
1
1
1
1
1
1
1
1
1
1
1
1
1
1
1
1
1
1
1
1
1
1
1
1
1
1
1
1
1
1
1
1
1
1
1
1
1
1
1
1
1
1
1
1
1
1
1
1
1
1
1
1
1
1
1
1
1
1
1
1
1
1
1
1
1
1
1
1
1
1
1
1
1
1
1
1
1
1
1
1
1
1
1
1
1
1
1
1
1
1
1
1
1
1
1
1
1
1
1
1
1
1
1
1
1
1
1
1
1
1
1
1
1
1
1
1
1
1
1
1
1
1
1
1
1
1
1
1
1
1
1
1
1
1
1
1
1
1
1
1
1
1
1
1
1
1
1
1
1
1
1
1
1
1
1
1
1
1
1
1
1
1
1
1
1
1
1
1
1
1
1
1
1
1
1
1
1
1
1
1
1
1
1
1
1
1
1
1
1
1
1
1
1
1
1
1
1
1
1
1
1
1
1
1
1
1
1
1
1
1
1
1
1
1
1
1
1
1
1
1
1
1
1
1
1
1
1
1
1
1
1
1
1
1
1
1
1
1
1
1
1
1
1
1
1
1
1
1
1
1
1
1
1
1
1
1
1
1
1
1
1
1
1
1
1
1
1
1
1
1
1
1
1
1
1
1
1
1
1
1
1
1
1
1
1
1
1
1
1
1
1
1
1
1
1
1
1
1
1
1
1
1
1
1
1
1
1
1
1
1
1
1
1
1
1
1
1
1
1
1
1
1
1
1
1
1
1
1
1
1
1
1
1
1
1
1
1
1
1
1
1
1
1
1
1
1
1
1
1
1
1
1
1
1
1
1
1
1
1
1
1
1
1
1
1
1
1
1
1
1
1
1
1
1
1
1
1
1
1
1
1
1
1
1
1
1
1
1
1
1
1
1
1
1
1
1
1
1
1
1
1
1
1
1
1
1
1
1
1
1
1
1
1
1
1
1
1
1
1
1
1
1
1
1
1
1
1
1
1
1
1
1
1
1
1
1
1
1
1
1
1
1
1
1
1
1
1
1
1
1
1
1
1
1
1
1
1
1
1
1
1
1
1
1
1
1
1
1
1
1
1
1
1
1
1
1
1
1
1
1
1
1
1
1
1
1
1
1
1
1
1
1
1
1
1
1
1
1
1
1
1
1
1
1
1
1
1
1
1
1
1
1
1
1
1
1
1
1
1
1
1
1
1
1
1
1
1
1
1
1
1
1
1
1
1
1
1
1
1
1
1
1
1
1
1
1
1
1
1
1
1
1
1
1
1
1
1
1
1
1
1
1
1
1
1
1
1
1
1
1
1
1
1
1
1
1
1
1
1
1
1
1
1
1
1
1
1
1
1
1
1
1
1
1
1
1
1
1
1
1
1
1
1
1
1
1
1
1
1
1
1
1
1
1
1
1
1
1
1
1
1
1
1
1
1
1
1
1
1
1
1
1
1
1
1
1
1
1
1
1
1
1
1
1
1
1
1
1
1
1
1
1
1
1
1
1
1
1
1
1
1
1
1
1
1
1
1
1
1
1
1
1
1
1
1
1
1
1
1
1
1
1
1
1
1
1
1
1
1
1
1
1
1
1
1
1
1
1
1
1
1
1
1
1.06983
1.16119
1.2526
1.35138
1.46084
1.55585
1.62473
1.70664
1.83628
1.93454
1.97602
2.01413
2.08272
2.16396
2.18065
2.17538
2.1756
2.17194
2.15396
2.11696
2.06652
2.01255
1.96982
1.9487
1.93132
1.89911
1.88189
1.88124
1.88207
1.88589
1.89515
1.91053
1.93221
1.93962
1.939
1.93599
1.93349
1.93436
1.9405
1.94578
1.94987
1.95536
1.96101
1.96332
1.96353
1.96227
1.95743
1.94966
1.94646
1.94717
1.95216
1.96193
1.96902
1.97094
1.97077
1.96848
1.96418
1.95996
1.95528
1.95087
1.94944
1.95047
1.95634
1.96651
1.97427
1.97774
1.97783
1.97551
1.9694
1.95909
1.95092
1.94825
1.94853
1.95206
1.96037
1.97238
1.98028
1.98323
1.98406
1.9798
1
1
1
0.999827
0.999054
1.01926
1.07974
1.09638
1.13996
1.27005
1.3994
1.45508
1.51781
1.62939
1.72143
1.74596
1.78576
1.84403
1.86263
1.8857
1.91309
1.94819
1.98592
1.99828
2.00214
2.0008
1.99685
1.98994
1.97475
1.95922
1.95348
1.95009
1.94759
1.94161
1.93542
1.9365
1.94132
1.94674
1.95271
1.95384
1.95315
1.95304
1.95677
1.96432
1.96817
1.96843
1.96592
1.96233
1.96143
1.96195
1.9639
1.96443
1.96382
1.96502
1.96784
1.96959
1.96983
1.96921
1.96842
1.9669
1.96457
1.96304
1.96403
1.96494
1.96615
1.96986
1.97353
1.97423
1.97231
1.96909
1.96764
1.9662
1.96614
1.96869
1.9708
1.97058
1.97021
1.97066
1.9715
1.97388
1
1
1
1
1
0.999998
1
1
1
1
1
0.999401
1.00162
1.02656
1.11571
1.20223
1.30072
1.4849
1.66237
1.80135
1.96601
2.03007
2.08105
2.11318
2.10547
2.09399
2.0874
2.08039
2.06568
2.0411
2.01249
1.98988
1.97049
1.96365
1.96502
1.96794
1.97109
1.97676
1.97985
1.97833
1.97521
1.97259
1.9734
1.97669
1.97916
1.98173
1.985
1.986
1.9858
1.98645
1.98702
1.98445
1.97908
1.97523
1.97483
1.97644
1.98294
1.98933
1.98979
1.98894
1.98728
1.98397
1.97959
1.97612
1.97403
1.97265
1.97267
1.97698
1.98411
1.98862
1.98925
1.98927
1.98886
1.98764
1.98561
1.98146
1.97462
1.96917
1.9667
1.96912
1
1
1
1
1
1
1
1
1
1
1
1
1
1
1
1
0.999648
0.99948
1.03545
1.1203
1.32516
1.58334
1.75646
1.90287
1.96432
2.01226
2.07183
2.07246
2.06676
2.06257
2.05935
2.05125
2.0413
2.03387
2.03364
2.03556
2.03259
2.0301
2.02187
2.01029
1.99719
1.99161
1.99226
1.9944
1.99725
1.99999
2.00479
2.01176
2.01786
2.01989
2.01896
2.01421
2.00378
1.99362
1.99182
1.99273
1.99668
2.00628
2.01457
2.01613
2.01523
2.01089
2.00394
1.99709
1.99056
1.98631
1.98576
1.98731
1.99237
2.00123
2.00868
2.01111
2.01023
2.00667
2.0006
1.9896
1.98015
1.97693
1.97685
1.98038
1
1
1
1
1
1
1
1
1
1
1
1
1
1
1
1
1
1
1
1
0.999661
1.00217
1.02648
1.13476
1.38686
1.57437
1.75093
1.88696
1.98222
2.10309
2.11162
2.11012
2.10869
2.10433
2.09682
2.08824
2.07865
2.05559
2.04018
2.03645
2.03156
2.02548
2.02206
2.01989
2.01785
2.01781
2.02016
2.0264
2.03642
2.04114
2.04074
2.03821
2.03153
2.02203
2.01852
2.01772
2.01756
2.02117
2.02927
2.03375
2.03468
2.0342
2.02902
2.02027
2.01365
2.00959
2.00735
2.00647
2.00647
2.0087
2.01417
2.0216
2.02491
2.02402
2.01757
2.00959
2.00318
1.99781
1.99626
1.99759
1
1
1
1
1
1
1
1
1
1
1
1
1
1
1
1
1
1
1
1
1
1
1
1
0.999573
1.00115
1.04087
1.22119
1.38801
1.59155
1.77606
1.90029
2.02398
2.04751
2.05615
2.05076
2.03726
2.03986
2.04958
2.06286
2.07109
2.06994
2.06353
2.05361
2.04111
2.02906
2.02299
2.02317
2.02736
2.03639
2.043
2.04417
2.04421
2.04192
2.03895
2.03697
2.03665
2.03827
2.03824
2.0377
2.03782
2.03926
2.04147
2.04204
2.04115
2.03935
2.03601
2.03041
2.02614
2.02455
2.02363
2.02354
2.02603
2.0302
2.03169
2.03078
2.02657
2.02316
2.02166
2.02072
1
1
1
1
1
1
1
1
1
1
1
1
1
1
1
1
1
1
1
1
1
1
1
1
1
1
1
1
0.999338
1.00505
1.09637
1.23494
1.43533
1.65023
1.8216
1.93577
1.97453
2.01962
2.05102
2.06631
2.07766
2.07995
2.07679
2.06869
2.05348
2.03264
2.02476
2.02476
2.02766
2.03444
2.03945
2.04485
2.04911
2.0504
2.05067
2.04918
2.04782
2.04534
2.04134
2.03609
2.03464
2.03506
2.03932
2.04929
2.05559
2.0584
2.05871
2.05702
2.04595
2.03242
2.02735
2.02637
2.02729
2.03087
2.0367
2.04124
2.04361
2.04389
2.04385
2.04216
1
1
1
1
1
1
1
1
1
1
1
1
1
1
1
1
1
1
1
1
1
1
1
1
1
1
1
1
1
1
1
0.999889
0.999134
1.03722
1.11102
1.28066
1.52344
1.70925
1.84269
1.90181
1.96647
2.01214
2.02627
2.03987
2.0424
2.04058
2.03388
2.02933
2.02993
2.03143
2.03502
2.03956
2.04238
2.04336
2.04427
2.04899
2.05347
2.05271
2.04504
2.03393
2.03078
2.03121
2.03321
2.0413
2.0555
2.06259
2.06367
2.0627
2.05801
2.04469
2.03319
2.03126
2.03232
2.03549
2.03738
2.04006
2.04605
2.05109
2.0541
2.05326
1
1
1
1
1
1
1
1
1
1
1
1
1
1
1
1
1
1
1
1
1
1
1
1
1
1
1
1
1
1
1
1
1
1
1
0.999445
1.00789
1.04852
1.21086
1.43489
1.58418
1.73824
1.83848
1.95172
2.01493
2.02298
2.03277
2.03241
2.03033
2.0271
2.02347
2.01824
2.01224
2.01296
2.02273
2.03648
2.04462
2.04751
2.04772
2.0422
2.03062
2.02574
2.02662
2.03148
2.04007
2.04948
2.05626
2.05766
2.05554
2.05148
2.04785
2.04414
2.04237
2.04107
2.0406
2.04162
2.04276
2.04433
2.04744
2.05112
1
1
1
1
1
1
1
1
1
1
1
1
1
1
1
1
1
1
1
1
1
1
1
1
1
1
1
1
1
1
1
1
1
1
1
1
1
1
0.999773
1.00195
1.01507
1.12956
1.33278
1.50473
1.68361
1.79973
1.9288
1.99579
1.99896
1.99601
2.00342
1.99976
1.98799
1.98667
1.99524
2.01533
2.03212
2.03471
2.0348
2.03595
2.03698
2.03318
2.02573
2.02304
2.02418
2.02791
2.03215
2.03583
2.0383
2.0405
2.04326
2.04955
2.05381
2.05392
2.05006
2.04014
2.03545
2.03523
2.03565
2.03966
1
1
1
1
1
1
1
1
1
1
1
1
1
1
1
1
1
1
1
1
1
1
1
1
1
1
1
1
1
1
1
1
1
1
1
1
1
1
1
1
1
1
0.999421
1.00712
1.10289
1.28234
1.47229
1.67005
1.79398
1.9066
1.96118
1.98232
1.97965
1.97382
1.97575
1.988
2.00397
2.01567
2.01972
2.02379
2.02731
2.02941
2.02838
2.02464
2.01902
2.01465
2.01342
2.01413
2.01498
2.01673
2.02772
2.04516
2.05377
2.0549
2.05392
2.04586
2.03137
2.02588
2.02595
2.03106
1
1
1
1
1
1
1
1
1
1
1
1
1
1
1
1
1
1
1
1
1
1
1
1
1
1
1
1
1
1
1
1
1
1
1
1
1
1
1
1
1
1
1
1
1
0.999417
1.00666
1.10101
1.25486
1.4253
1.59968
1.77893
1.94686
1.96321
1.95673
1.96259
1.96827
1.96872
1.96868
1.9814
2.00224
2.01496
2.01602
2.01417
2.01571
2.0174
2.01258
2.0028
1.99939
2.00121
2.00948
2.02504
2.03901
2.04408
2.04323
2.03827
2.03392
2.02939
2.02509
2.02497
1
1
1
1
1
1
1
1
1
1
1
1
1
1
1
1
1
1
1
1
1
1
1
1
1
1
1
1
1
1
1
1
1
1
1
1
1
1
1
1
1
1
1
1
1
1
1
1
0.999491
1.00537
1.06751
1.21289
1.50764
1.70524
1.83316
1.89878
1.94081
1.94397
1.93406
1.93861
1.96322
1.99114
2.00043
2.00228
2.00639
2.01395
2.01722
2.01312
2.00272
1.99544
1.996
2.00328
2.00805
2.01291
2.01908
2.02354
2.02414
2.02564
2.02928
2.03013
1
1
1
1
1
1
1
1
1
1
1
1
1
1
1
1
1
1
1
1
1
1
1
1
1
1
1
1
1
1
1
1
1
1
1
1
1
1
1
1
1
1
1
1
1
1
1
1
1
1
0.999992
0.999528
1.02184
1.16042
1.29443
1.4571
1.66789
1.89115
1.9327
1.93108
1.94324
1.95941
1.96142
1.95978
1.97295
1.99806
2.00654
2.00445
1.99994
1.99976
1.99975
1.99571
1.99257
1.99427
1.99676
1.99981
2.00791
2.01557
2.01981
2.02405
1
1
1
1
1
1
1
1
1
1
1
1
1
1
1
1
1
1
1
1
1
1
1
1
1
1
1
1
1
1
1
1
1
1
1
1
1
1
1
1
1
1
1
1
1
1
1
1
1
1
1
1
1
0.999976
1.00021
1.01655
1.09382
1.37754
1.65034
1.79011
1.86515
1.93146
1.93592
1.92342
1.92956
1.9581
1.9827
1.99104
1.99269
1.99579
2.00231
2.00855
2.00435
1.99223
1.98379
1.98301
1.98625
1.99236
2.00254
2.01587
1
1
1
1
1
1
1
1
1
1
1
1
1
1
1
1
1
1
1
1
1
1
1
1
1
1
1
1
1
1
1
1
1
1
1
1
1
1
1
1
1
1
1
1
1
1
1
1
1
1
1
1
1
1
1
1
0.999768
1.00649
1.11503
1.25422
1.41334
1.65852
1.89345
1.93361
1.93632
1.95163
1.95475
1.95251
1.95609
1.97426
1.9991
2.00476
2.00367
1.99861
1.99008
1.98088
1.97675
1.98025
1.99109
2.00175
1
1
1
1
1
1
1
1
1
1
1
1
1
1
1
1
1
1
1
1
1
1
1
1
1
1
1
1
1
1
1
1
1
1
1
1
1
1
1
1
1
1
1
1
1
1
1
1
1
1
1
1
1
1
1
1
0.999999
0.999995
1.00001
1.00051
1.01479
1.09183
1.4029
1.68642
1.8341
1.88869
1.93058
1.93164
1.92391
1.93653
1.96109
1.98179
1.99207
1.99058
1.98675
1.98589
1.9871
1.991
1.99571
1.99495
1
1
1
1
1
1
1
1
1
1
1
1
1
1
1
1
1
1
1
1
1
1
1
1
1
1
1
1
1
1
1
1
1
1
1
1
1
1
1
1
1
1
1
1
1
1
1
1
1
1
1
1
1
1
1
1
1
1
1
1
0.999998
0.99988
1.01328
1.16214
1.31154
1.4961
1.7499
1.92057
1.94742
1.9626
1.95121
1.94357
1.95272
1.96652
1.97371
1.98055
1.98697
1.99332
2.00011
1.99941
1
1
1
1
1
1
1
1
1
1
1
1
1
1
1
1
1
1
1
1
1
1
1
1
1
1
1
1
1
1
1
1
1
1
1
1
1
1
1
1
1
1
1
1
1
1
1
1
1
1
1
1
1
1
1
1
1
1
1
1
1
0.999998
0.999993
1.00023
1.00367
1.04067
1.19437
1.55795
1.81715
1.94104
1.93943
1.92962
1.93518
1.94789
1.95784
1.96218
1.96765
1.97769
1.9907
1.99173
1
1
1
1
1
1
1
1
1
1
1
1
1
1
1
1
1
1
1
1
1
1
1
1
1
1
1
1
1
1
1
1
1
1
1
1
1
1
1
1
1
1
1
1
1
1
1
1
1
1
1
1
1
1
1
1
1
1
1
1
1
1
1
0.999999
1
0.999951
1.00138
1.07973
1.29773
1.52446
1.73174
1.88057
1.95196
1.97574
1.97699
1.96776
1.96441
1.96478
1.96686
1.96973
1
1
1
1
1
1
1
1
1
1
1
1
1
1
1
1
1
1
1
1
1
1
1
1
1
1
1
1
1
1
1
1
1
1
1
1
1
1
1
1
1
1
1
1
1
1
1
1
1
1
1
1
1
1
1
1
1
1
1
1
1
1
1
1
1
0.999999
0.999994
1.00009
1.00352
1.04558
1.2305
1.50743
1.74835
1.92397
1.98387
1.98924
1.99101
1.99223
1.97713
1.9592
1
1
1
1
1
1
1
1
1
1
1
1
1
1
1
1
1
1
1
1
1
1
1
1
1
1
1
1
1
1
1
1
1
1
1
1
1
1
1
1
1
1
1
1
1
1
1
1
1
1
1
1
1
1
1
1
1
1
1
1
1
1
1
1
1
1
1
1
1
0.999995
1.00192
1.05728
1.28325
1.56678
1.80959
1.92876
1.98722
1.98984
1.98532
1.97846
1
1
1
1
1
1
1
1
1
1
1
1
1
1
1
1
1
1
1
1
1
1
1
1
1
1
1
1
1
1
1
1
1
1
1
1
1
1
1
1
1
1
1
1
1
1
1
1
1
1
1
1
1
1
1
1
1
1
1
1
1
1
1
1
1
1
1
1
1
1
0.999995
1.00011
1.00474
1.07972
1.40324
1.70972
1.82427
1.91198
1.97469
1.98533
1
1
1
1
1
1
1
1
1
1
1
1
1
1
1
1
1
1
1
1
1
1
1
1
1
1
1
1
1
1
1
1
1
1
1
1
1
1
1
1
1
1
1
1
1
1
1
1
1
1
1
1
1
1
1
1
1
1
1
1
1
1
1
1
1
1
1
1
1
1
1
0.999999
0.99999
1.00047
1.01967
1.19021
1.49429
1.71212
1.88026
1.9591
1
1
1
1
1
1
1
1
1
1
1
1
1
1
1
1
1
1
1
1
1
1
1
1
1
1
1
1
1
1
1
1
1
1
1
1
1
1
1
1
1
1
1
1
1
1
1
1
1
1
1
1
1
1
1
1
1
1
1
1
1
1
1
1
1
1
1
1
1
1
1
1
0.999999
0.999999
0.999989
1.00248
1.0531
1.25429
1.52352
1.87429
1
1
1
1
1
1
1
1
1
1
1
1
1
1
1
1
1
1
1
1
1
1
1
1
1
1
1
1
1
1
1
1
1
1
1
1
1
1
1
1
1
1
1
1
1
1
1
1
1
1
1
1
1
1
1
1
1
1
1
1
1
1
1
1
1
1
1
1
1
1
1
1
1
1
0.999999
0.999994
1.00012
1.00649
1.06843
1.65272
1
1
1
1
1
1
1
1
1
1
1
1
1
1
1
1
1
1
1
1
1
1
1
1
1
1
1
1
1
1
1
1
1
1
1
1
1
1
1
1
1
1
1
1
1
1
1
1
1
1
1
1
1
1
1
1
1
1
1
1
1
1
1
1
1
1
1
1
1
1
1
1
1
1
1
0.999999
0.999999
0.999994
1.00073
1.20965
1
1
1
1
1
1
1
1
1
1
1
1
1
1
1
1
1
1
1
1
1
1
1
1
1
1
1
1
1
1
1
1
1
1
1
1
1
1
1
1
1
1
1
1
1
1
1
1
1
1
1
1
1
1
1
1
1
1
1
1
1
1
1
1
1
1
1
1
1
1
1
1
1
1
1
1
1
0.999999
1
1.01368
1
1
1
1
1
1
1
1
1
1
1
1
1
1
1
1
1
1
1
1
1
1
1
1
1
1
1
1
1
1
1
1
1
1
1
1
1
1
1
1
1
1
1
1
1
1
1
1
1
1
1
1
1
1
1
1
1
1
1
1
1
1
1
1
1
1
1
1
1
1
1
1
1
1
1
1
1
1
1
1.00018
1
1
1
1
1
1
1
1
1
1
1
1
1
1
1
1
1
1
1
1
1
1
1
1
1
1
1
1
1
1
1
1
1
1
1
1
1
1
1
1
1
1
1
1
1
1
1
1
1
1
1
1
1
1
1
1
1
1
1
1
1
1
1
1
1
1
1
1
1
1
1
1
1
1
1
1
1
1
1
1
1
1
1
1
1
1
1
1
1
1
1
1
1
1
1
1
1
1
1
1
1
1
1
1
1
1
1
1
1
1
1
1
1
1
1
1
1
1
1
1
1
1
1
1
1
1
1
1
1
1
1
1
1
1
1
1
1
1
1
1
1
1
1
1
1
1
1
1
1
1
1
1
1
1
1
1
1
1
1
1
1
1
1
1
1
1
1
1
1
1
1
1
1
1
1
1
1
1
1
1
1
1
1
1
1
1
1
1
1
1
1
1
1
1
1
1
1
1
1
1
1
1
1
1
1
1
1
1
1
1
1
1
1
1
1
1
1
1
1
1
1
1
1
1
1
1
1
1
1
1
1
1
1
1
1
1
1
1
1
1
1
1
1
1
1
1
1
1
1
1
1
1
1
1
1
1
1
1
1
1
1
1
1
1
1
1
1
1
1
1
1
1
1
1
1
1
1
1
1
1
1
1
1
1
1
1
1
1
1
1
1
1
1
1
1
1
1
1
1
1
1
1
1
1
1
1
1
1
1
1
1
1
1
1
1
1
1
1
1
1
1
1
1
1
1
1
1
1
1
1
1
1
1
1
1
1
1
1
1
1
1
1
1
1
1
1
1
1
1
1
1
1
1
1
1
1
1
1
1
1
1
1
1
1
1
1
1
1
1
1
1
1
1
1
1
1
1
1
1
1
1
1
1
1
1
1
1
1
1
1
1
1
1
1
1
1
1
1
1
1
1
1
1
1
1
1
1
1
1
1
1
1
1
1
1
1
1
1
1
1
1
1
1
1
1
1
1
1
1
1
1
1
1
1
1
1
1
1
1
1
1
1
1
1
1
1
1
1
1
1
1
1
1
1
1
1
1
1
1
1
1
1
1
1
1
1
1
1
1
1
1
1
1
1
1
1
1
1
1
1
1
1
1
1
1
1
1
1
1
1
1
1
1
1
1
1
1
1
1
1
1
1
1
1
1
1
1
1
1
1
1
1
1
1
1
1
1
1
1
1
1
1
1
1
1
1
1
1
1
1
1
1
1
1
1
1
1
1
1
1
1
1
1
1
1
1
1
1
1
1
1
1
1
1
1
1
1
1
1
1
1
1
1
1
1
1
1
1
1
1
1
1
1
1
1
1
1
1
1
1
1
1
1
1
1
1
1
1
1
1
1
1
1
1
1
1
1
1
1
1
1
1
1
1
1
1
1
1
1
1
1
1
1
1
1
1
1
1
1
1
1
1
1
1
1
1
1
1
1
1
1
1
1
1
1
1
1
1
1
1
1
1
1
1
1
1
1
1
1
1
1
1
1
1
1
1
1
1
1
1
1
1
1
1
1
1
1
1
1
1
1
1
1
1
1
1
1
1
1
1
1
1
1
1
1
1
1
1
1
1
1
1
1
1
1
1
1
1
1
1
1
1
1
1
1
1
1
1
1
1
1
1
1
1
1
1
1
1
1
1
1
1
1
1
1
1
1
1
1
1
1
1
1
1
1
1
1
1
1
1
1
1
1
1
1
1
1
1
1
1
1
1
1
1
1
1
1
1
1
1
1
1
1
1
1
1
1
1
1
1
1
1
1
1
1
1
1
1
1
1
1
1
1
1
1
1
1
1
1
1
1
1
1
1
1
1
1
1
1
1
1
1
1
1
1
1
1
1
1
1
1
1
1
1
1
1
1
1
1
1
1
1
1
1
1
1
1
1
1
1
1
1
1
1
1
1
1
1
1
1
1
1
1
1
1
1
1
1
1
1
1
1
1
1
1
1
1
1
1
1
1
1
1
1
1
1
1
1
1
1
1
1
1
1
1
1
1
1
1
1
)
;

boundaryField
{
    inlet
    {
        type            fixedValue;
        value           uniform 1;
    }
    outlet
    {
        type            zeroGradient;
    }
    bottom
    {
        type            symmetryPlane;
    }
    top
    {
        type            symmetryPlane;
    }
    obstacle
    {
        type            zeroGradient;
    }
    defaultFaces
    {
        type            empty;
    }
}


// ************************************************************************* //
