/*--------------------------------*- C++ -*----------------------------------*\
| =========                 |                                                 |
| \\      /  F ield         | OpenFOAM: The Open Source CFD Toolbox           |
|  \\    /   O peration     | Version:  2206                                  |
|   \\  /    A nd           | Website:  www.openfoam.com                      |
|    \\/     M anipulation  |                                                 |
\*---------------------------------------------------------------------------*/
FoamFile
{
    version     2.0;
    format      ascii;
    arch        "LSB;label=32;scalar=64";
    class       volScalarField;
    location    "0.04";
    object      p;
}
// * * * * * * * * * * * * * * * * * * * * * * * * * * * * * * * * * * * * * //

dimensions      [1 -1 -2 0 0 0 0];

internalField   nonuniform List<scalar> 
4800
(
1
1
1
1
1
1
1
1
1
1
1
1
1
1
1
1
1
1
1
1
1
1
1
1
1
1
1
1
1
1
1
1
1
1
1
1
1
1
1
1
1
1
1
1
1
1
1
1
1
1
1
1
1
1
1
1
1
1
1
1
1
1
1
1
1
1
1
1
1
1
1
1
1
1
1
1
1
1
1
1
1
1
1
1
1
1
1
1
1
1
1
1
1
1
1
1
1
1
1
1
1
1
1
1
1
1
1
1
1
1
1
1
1
1
1
1
1
1
1
1
1
1
1
1
1
1
1
1
1
1
1
1
1
1
1
1
1
1
1
1
1
1
1
1
1
1
1
1
1
1
1
1
1
1
1
1
1
1
1
1
1
1
1
1
1
1
1
1
1
1
1
1
1
1
1
1
1
1
1
1
1
1
1
1
1
1
1
1
1
1
1
1
1
1
1
1
1
1
1
1
1
1
1
1
1
1
1
1
1
1
1
1
1
1
1
1
1
1
1
1
1
1
1
1
1
1
1
1
1
1
1
1
1
1
1
1
1
1
1
1
1
1
1
1
1
1
1
1
1
1
1
1
1
1
1
1
1
1
1
1
1
1
1
1
1
1
1
1
1
1
1
1
1
1
1
1
1
1
1
1
1
1
1
1
1
1
1
1
1
1
1
1
1
1
1
1
1
1
1
1
1
1
1
1
1
1
1
1
1
1
1
1
1
1
1
1
1
1
1
1
1
1
1
1
1
1
1
1
1
1
1
1
1
1
1
1
1
1
1
1
1
1
1
1
1
1
1
1
1
1
1
1
1
1
1
1
1
1
1
1
1
1
1
1
1
1
1
1
1
1
1
1
1
1
1
1
1
1
1
1
1
1
1
1
1
1
1
1
1
1
1
1
1
1
1
1
1
1
1
1
1
1
1
1
1
1
1
1
1
1
1
1
1
1
1
1
1
1
1
1
1
1
1
1
1
1
1
1
1
1
1
1
1
1
1
1
1
1
1
1
1
1
1
1
1
1
1
1
1
1
1
1
1
1
1
1
1
1
1
1
1
1
1
1
1
1
1
1
1
1
1
1
1
1
1
1
1
1
1
1
1
1
1
1
1
1
1
1
1
1
1
1
1
1
1
1
1
1
1
1
1
1
1
1
1
1
1
1
1
1
1
1
1
1
1
1
1
1
1
1
1
1
1
1
1
1
1
1
1
1
1
1
1
1
1
1
1
1
1
1
1
1
1
1
1
1
1
1
1
1
1
1
1
1
1
1
1
1
1
1
1
1
1
1
1
1
1
1
1
1
1
1
1
1
1
1
1
1
1
1
1
1
1
1
1
1
1
1
1
1
1
1
1
1
1
1
1
1
1
1
1
1
1
1
1
1
1
1
1
1
1
1
1
1
1
1
1
1
1
1
1
1
1
1
1
1
1
1
1
1
1
1
1
1
1
1
1
1
1
1
1
1
1
1
1
1
1
1
1
1
1
1
1
1
1
1
1
1
1
1
1
1
1
1
1
1
1
1
1
1
1
1
1
1
1
1
1
1
1
1
1
1
1
1
1
1
1
1
1
1
1
1
1
1
1
1
1
1
1
1
1
1
1
1
1
1
1
1
1
1
1
1
1
1
1
1
1
1
1
1
1
1
1
1
1
1
1
1
1
1
1
1
1
1
1
1
1
1
1
1
1
1
1
1
1
1
1
1
1
1
1
1
1
1
1
1
1
1
1
1
1
1
1
1
1
1
1
1
1
1
1
1
1
1
1
1
1
1
1
1
1
1
1
1
1
1
1
1
1
1
1
1
1
1
1
1
1
1
1
1
1
1
1
1
1
1
1
1
1
1
1
1
1
1
1
1
1
1
1
1
1
1
1
1
1
1
1
1
1
1
1
1
1
1
1
1
1
1
1
1
1
1
1
1
1
1
1
1
1
1
1
1
1
1
1
1
1
1
1
1
1
1
1
1
1
1
1
1
1
1
1
1
1
1
1
1
1
1
1
1
1
1
1
1
1
1
1
1
1
1
1
1
1
1
1
1
1
1
1
1
1
1
1
1
1
1
1
1
1
1
1
1
1
1
1
1
1
1
1
1
1
1
1
1
1
1
1
1
1
1
1
1
1
1
1
1
1
1
1
1
1
1
1
1
1
1
1
1
1
1
1
1
1
1
1
1
1
1
1
1
1
1
1
1
1
1
1
1
1
1
1
1
1
1
1
1
1
1
1
1
1
1
1
1
1
1
1
1
1
1
1
1
1
1
1
1
1
1
1
1
1
1
1
1
1
1
1
1
1
1
1
1
1
1
1
1
1
1
1
1
1
1
1
1
1
1
1
1
1
1
1
1
1
1
1
1
1
1
1
1
1
1
1
1
1
1
1
1
1
1
1
1
1
1
1
1
1
1
1
1
1
1
1
1
1
1
1
1
1
1
1
1
1
1
1
1
1
1
1
1
1
1
1
1
1
1
1
1
1
1
1
1
1
1
1
1
1
1
1
1
1
1
1
1
1
1
1
1
1
1
1
1
1
1
1
1
1
1
1
1
1
1
1
1
1
1
1
1
1
1
1
1
1
1
1
1
1
1
1
1
1
1
1
1
1
1
1
1
1
1
1
1
1
1
1
1
1
1
1
1
1
1
1
1
1
1
1
1
1
1
1
1
1
1
1
1
1
1
1
1
1
1
1
1
1
1
1
1
1
1
1
1
1
1
1
1
1
1
1
1
1
1
1
1
1
1
1
1
1
1
1
1
1
1
1
1
1
1
1
1
1
1
1
1
1
1
1
1
1
1
1
1
1
1
1
1
1
1
1
1
1
1
1
1
1
1
1
1
1
1
1
1
1
1
1
1
1
1
1
1
1
1
1
1
1
1
1
1
1
1
1
1
1
1
1
1
1
1
1
1
1
1
1
1
1
1
1
1
1
1
1
1
1
1
1
1
1
1
1
1
1
1
1
1
1
1
1
1
1
1
1
1
1
1
1
1
1
1
1
1
1
1
1
1
1
1
1
1
1
1
1
1
1
1
1
1
1
1
1
1
1
1
1
1
1
1
1
1
1
1
1
1
1
1
1
1
1
1
1
1
1
1
1
1
1
1
1
1
1
1
1
1
1
1
1
1
1
1
1
1
1
1
1
1
1
1
1
1
1
1
1
1
1
1
1
1
1
1
1
1
1
1
1
1
1
1
1
1
1
1
1
1
1
1
1
1
1
1
1
1
1
1
1
1
1
1
1
1
1
1
1
1
1
1
1
1
1
1
1
1
1
1
1
1
1
1
1
1
1
1
1
1
1
1
1
1
1
1
1
1
1
1
1
1
1
1
1
1
1
1
1
1
1
1
1
1
1
1
1
1
1
1
1
1
1
1
1
1
1
1
1
1
1
1
1
1
1
1
1
1
1
1
1
1
1
1
1
1
1
1
1
1
1
1
1
1
1
1
1
1
1
1
1
1
1
1
1
1
1
1
1
1
1
1
1
1
1
1
1
1
1
1
1
1
1
1
1
1
1
1
1
1
1
1
1
1
1
1
1
1
1
1
1
1
1
1
1
1
1
1
1
1
1
1
1
1
1
1
1
1
1
1
1
1
1
1
1
1
1
1
1
1
1
1
1
1
1
1
1
1
1.25947
1.66884
2.18537
2.72418
3.30188
4.09331
4.80894
5.23739
5.69199
6.56809
7.18769
7.24849
7.35898
7.68724
7.73502
7.6124
7.20821
6.66754
6.17171
5.69758
5.2765
5.10566
5.02526
4.88125
4.73583
4.73415
4.76729
4.84554
4.95515
5.03406
5.07948
5.13766
5.17612
5.17359
5.16069
5.16362
5.18186
5.18419
5.17493
5.13961
5.07664
4.98987
4.94549
4.94076
4.93744
4.93356
4.9298
4.92292
4.91113
4.90565
4.9359
4.99069
4.98886
4.97
4.9547
4.94472
4.94268
4.94382
4.94517
4.9453
4.94648
4.95594
4.99076
5.06184
5.14155
5.17129
5.17384
5.17374
5.17249
5.16861
5.1617
5.1566
5.15424
5.15249
5.14995
5.14746
5.14654
5.14573
5.14495
5.14539
1
0.999816
0.998382
1.02534
1.04623
1.07004
1.23396
1.53959
1.78338
2.07861
2.59398
3.19103
3.58437
4.00711
4.65734
5.01278
5.06939
5.16885
5.54888
5.6672
5.60295
5.54275
5.59581
5.59576
5.47212
5.31754
5.20941
5.16697
5.1112
5.03625
4.99746
5.00787
5.05482
5.11038
5.128
5.14673
5.16532
5.16565
5.15446
5.11255
5.03261
4.95413
4.9365
4.93488
4.93333
4.93021
4.92843
4.92653
4.92336
4.9234
4.93985
4.98133
4.97886
4.96108
4.94712
4.94222
4.94335
4.94549
4.94793
4.95055
4.95482
4.96821
5.00201
5.06372
5.13036
5.15521
5.15663
5.15616
5.15445
5.15064
5.14589
5.14509
5.146
5.14735
5.14855
5.15156
5.15417
5.15592
5.15621
5.15588
1
1
1
1
1
1
0.999998
1
1
0.998558
1.01048
1.07684
1.22148
1.4386
1.89556
2.58845
3.42271
4.46328
5.41112
5.76135
6.06555
6.10912
6.06065
6.04536
5.99473
5.84504
5.63487
5.40226
5.19045
5.00099
4.97724
4.99799
5.04685
5.09673
5.13388
5.16592
5.17634
5.17508
5.16065
5.10956
5.01323
4.95072
4.94246
4.94154
4.94263
4.94503
4.94742
4.95588
4.96139
4.96049
4.97535
4.99711
4.98443
4.96208
4.94982
4.94027
4.93126
4.92963
4.93404
4.94114
4.95121
4.96835
5.00124
5.06173
5.12792
5.14876
5.14988
5.15038
5.15088
5.14974
5.14935
5.15059
5.1528
5.156
5.15979
5.16326
5.16626
5.16781
5.16767
5.1662
1
1
1
1
1
1
1
1
1
1
1
1
1
1
0.99871
1.01108
1.12214
1.40084
2.0299
2.97749
3.84454
4.69196
5.01613
5.37868
5.52185
5.4735
5.48716
5.60558
5.57493
5.41458
5.2868
5.28053
5.26449
5.24242
5.16845
5.09871
5.05456
5.0463
5.02872
4.98728
4.94606
4.92966
4.92456
4.92102
4.91967
4.92254
4.93334
4.95505
4.96957
4.97076
4.9874
4.99865
4.97554
4.95089
4.93823
4.92771
4.91702
4.91602
4.92098
4.93016
4.94506
4.96716
5.00536
5.08193
5.14805
5.16268
5.16324
5.16306
5.1616
5.16052
5.16127
5.16084
5.16047
5.16104
5.16219
5.16338
5.16431
5.16483
5.16448
5.16221
1
1
1
1
1
1
1
1
1
1
1
1
1
1
1
1
1
0.999816
0.998651
1.05806
1.20742
1.61227
2.39756
3.23053
4.14392
4.66864
5.26418
5.71802
5.71095
5.68159
5.65374
5.60821
5.53256
5.32639
5.14373
5.05967
5.04598
5.05604
5.05154
5.00767
4.93856
4.91482
4.90658
4.90076
4.89516
4.88835
4.88325
4.87767
4.88319
4.914
4.96144
4.96874
4.95255
4.94395
4.94228
4.93382
4.93044
4.93611
4.9408
4.94589
4.9562
4.98333
5.03468
5.10782
5.16093
5.16767
5.16707
5.16363
5.15509
5.14938
5.14696
5.14505
5.14391
5.14428
5.14721
5.15166
5.15491
5.15697
5.1587
5.16158
1
1
1
1
1
1
1
1
1
1
1
1
1
1
1
1
1
1
1
1
1
0.999002
1.0139
1.08316
1.37536
2.02377
2.7299
3.65112
4.28187
4.81452
5.26447
5.38723
5.3612
5.29759
5.28453
5.2371
5.21673
5.21141
5.19012
5.11669
5.01999
4.91354
4.84174
4.82432
4.8219
4.81916
4.81169
4.79972
4.80813
4.85629
4.92058
4.92973
4.92071
4.9377
4.93921
4.94577
4.9524
4.95422
4.95799
4.96075
4.97184
5.00226
5.05389
5.11708
5.15923
5.16473
5.16353
5.15885
5.15099
5.14442
5.14099
5.14054
5.14108
5.14208
5.14435
5.14671
5.14963
5.15056
5.15211
5.15778
1
1
1
1
1
1
1
1
1
1
1
1
1
1
1
1
1
1
1
1
1
1
1
1
0.999473
1.00265
1.03388
1.20732
1.7396
2.39724
3.19791
4.02393
4.7076
5.1666
5.45774
5.45674
5.43392
5.38307
5.30684
5.18296
4.98163
4.84945
4.81574
4.80888
4.81497
4.83329
4.83628
4.82958
4.85836
4.91881
4.96623
4.96437
4.94845
4.92814
4.9026
4.90363
4.91689
4.92137
4.92385
4.92731
4.94383
4.98527
5.04571
5.11581
5.15604
5.16273
5.16408
5.16344
5.16216
5.15757
5.15361
5.15348
5.15444
5.15546
5.15656
5.15742
5.15702
5.15611
5.15443
5.15303
1
1
1
1
1
1
1
1
1
1
1
1
1
1
1
1
1
1
1
1
1
1
1
1
1
1
1
1
0.999426
1.01371
1.14617
1.45221
2.06625
2.87742
3.7838
4.4144
4.8877
5.04022
5.03478
4.97147
4.94888
4.88437
4.87398
4.89638
4.93024
4.96047
4.97071
4.97236
4.98067
4.99371
4.98103
4.95523
4.92476
4.88576
4.83556
4.82009
4.83547
4.84919
4.85677
4.86709
4.89776
4.95664
5.03295
5.10907
5.14753
5.15582
5.15972
5.167
5.17089
5.16982
5.16668
5.1656
5.16613
5.167
5.16623
5.16302
5.16022
5.15797
5.15426
5.15103
1
1
1
1
1
1
1
1
1
1
1
1
1
1
1
1
1
1
1
1
1
1
1
1
1
1
1
1
1
1
1
0.999223
1.00805
1.0897
1.33308
1.91397
2.70534
3.5447
4.22488
4.73116
4.90583
4.89053
4.87847
4.86922
4.87047
4.89119
4.91484
4.94233
4.92659
4.89461
4.87794
4.86155
4.85564
4.83947
4.81852
4.82914
4.85139
4.86953
4.8758
4.88702
4.92119
4.9913
5.07794
5.14003
5.16423
5.16595
5.16346
5.15794
5.15408
5.15332
5.15262
5.14918
5.1498
5.15147
5.14961
5.14738
5.14785
5.14863
5.14815
5.14751
1
1
1
1
1
1
1
1
1
1
1
1
1
1
1
1
1
1
1
1
1
1
1
1
1
1
1
1
1
1
1
1
0.999999
1
0.999385
1.00426
1.05886
1.31358
1.7916
2.48718
3.22277
3.77258
4.16379
4.34752
4.46788
4.59701
4.71236
4.72454
4.71574
4.77026
4.84983
4.88627
4.90712
4.9338
4.94791
4.93611
4.93046
4.94631
4.93668
4.93706
4.95669
5.01742
5.10397
5.13759
5.13647
5.13255
5.1213
5.10744
5.09922
5.10042
5.10283
5.104
5.10862
5.11738
5.12395
5.13037
5.14305
5.15366
5.16017
5.16753
1
1
1
1
1
1
1
1
1
1
1
1
1
1
1
1
1
1
1
1
1
1
1
1
1
1
1
1
1
1
1
1
1
1
1
1
1
0.99945
1.00254
1.04655
1.20541
1.55601
1.98716
2.50248
3.01162
3.42363
3.84338
4.22324
4.49893
4.70946
4.84484
4.91924
4.92341
4.91664
4.92154
4.90094
4.88648
4.90416
4.91277
4.92363
4.95031
5.01711
5.07873
5.08455
5.08115
5.08505
5.08926
5.08189
5.07871
5.08438
5.09643
5.1076
5.12001
5.13472
5.14755
5.15385
5.15709
5.15921
5.1603
5.16122
1
1
1
1
1
1
1
1
1
1
1
1
1
1
1
1
1
1
1
1
1
1
1
1
1
1
1
1
1
1
1
1
1
1
1
1
1
1
1
1
0.999916
1.00049
1.01047
1.05673
1.1644
1.37612
1.67477
2.08166
2.58819
3.07006
3.51126
3.94035
4.22718
4.41674
4.59677
4.65234
4.68586
4.73497
4.77857
4.85687
4.90386
4.99782
5.10337
5.12518
5.13143
5.14943
5.17514
5.17746
5.17245
5.17668
5.18442
5.17503
5.16416
5.16351
5.16256
5.15601
5.1434
5.13844
5.13706
5.13167
1
1
1
1
1
1
1
1
1
1
1
1
1
1
1
1
1
1
1
1
1
1
1
1
1
1
1
1
1
1
1
1
1
1
1
1
1
1
1
1
1
1
1
0.999981
1.00005
1.00012
1.00271
1.01781
1.06973
1.18856
1.4139
1.76093
2.26602
2.8204
3.33941
3.84512
4.23584
4.4576
4.68749
4.82819
4.92863
5.03309
5.13377
5.16238
5.16532
5.1703
5.17798
5.1759
5.1554
5.1512
5.15205
5.14437
5.09876
5.08841
5.10517
5.10454
5.09109
5.09177
5.09806
5.11234
1
1
1
1
1
1
1
1
1
1
1
1
1
1
1
1
1
1
1
1
1
1
1
1
1
1
1
1
1
1
1
1
1
1
1
1
1
1
1
1
1
1
1
1
1
1
0.999999
1
0.999964
1.00014
1.00049
1.00586
1.03667
1.13358
1.34953
1.7152
2.18987
2.73024
3.23006
3.64331
4.04463
4.3136
4.47879
4.67729
4.79591
4.82711
4.8842
4.95562
4.95863
4.95122
4.97428
5.03127
5.01905
5.02967
5.07873
5.10299
5.11786
5.1369
5.15487
5.17489
1
1
1
1
1
1
1
1
1
1
1
1
1
1
1
1
1
1
1
1
1
1
1
1
1
1
1
1
1
1
1
1
1
1
1
1
1
1
1
1
1
1
1
1
1
1
1
1
1
1
1
1
0.999982
1.00004
1.00057
1.00613
1.03277
1.11264
1.27202
1.51793
1.83099
2.15856
2.50262
2.85104
3.23778
3.62666
3.92766
4.22251
4.55401
4.69352
4.83693
4.99354
5.04808
5.07255
5.11416
5.1468
5.15451
5.1604
5.16903
5.16031
1
1
1
1
1
1
1
1
1
1
1
1
1
1
1
1
1
1
1
1
1
1
1
1
1
1
1
1
1
1
1
1
1
1
1
1
1
1
1
1
1
1
1
1
1
1
1
1
1
1
1
1
1
1
1
1
0.999989
1.00007
1.00043
1.00239
1.00921
1.02536
1.05999
1.12671
1.24899
1.43434
1.70398
2.06363
2.47501
2.97729
3.4051
3.78477
4.2308
4.50583
4.63232
4.84703
4.91047
4.94648
5.00583
5.01742
1
1
1
1
1
1
1
1
1
1
1
1
1
1
1
1
1
1
1
1
1
1
1
1
1
1
1
1
1
1
1
1
1
1
1
1
1
1
1
1
1
1
1
1
1
1
1
1
1
1
1
1
1
1
1
1
1
1
1
1
1
1.00001
1.00001
1.00011
1.00043
1.00165
1.00629
1.0224
1.06464
1.16582
1.33683
1.61195
2.00483
2.4777
2.97999
3.45649
3.95061
4.35037
4.58651
4.84038
1
1
1
1
1
1
1
1
1
1
1
1
1
1
1
1
1
1
1
1
1
1
1
1
1
1
1
1
1
1
1
1
1
1
1
1
1
1
1
1
1
1
1
1
1
1
1
1
1
1
1
1
1
1
1
1
1
1
1
1
1
1
1
1
1
1
0.999999
1.00001
1.00002
1.00022
1.00108
1.00495
1.0202
1.0657
1.17466
1.38559
1.7411
2.20786
2.7134
3.57599
1
1
1
1
1
1
1
1
1
1
1
1
1
1
1
1
1
1
1
1
1
1
1
1
1
1
1
1
1
1
1
1
1
1
1
1
1
1
1
1
1
1
1
1
1
1
1
1
1
1
1
1
1
1
1
1
1
1
1
1
1
1
1
1
1
1
1
1
1
1
1
1
0.999998
1.00004
1.00026
1.00177
1.00948
1.03879
1.11344
1.52123
1
1
1
1
1
1
1
1
1
1
1
1
1
1
1
1
1
1
1
1
1
1
1
1
1
1
1
1
1
1
1
1
1
1
1
1
1
1
1
1
1
1
1
1
1
1
1
1
1
1
1
1
1
1
1
1
1
1
1
1
1
1
1
1
1
1
1
1
1
1
1
1
1
1
1
1
0.999997
1.00004
1.00002
1.00613
1
1
1
1
1
1
1
1
1
1
1
1
1
1
1
1
1
1
1
1
1
1
1
1
1
1
1
1
1
1
1
1
1
1
1
1
1
1
1
1
1
1
1
1
1
1
1
1
1
1
1
1
1
1
1
1
1
1
1
1
1
1
1
1
1
1
1
1
1
1
1
1
1
1
1
1
1
1
0.999999
1
1
1
1
1
1
1
1
1
1
1
1
1
1
1
1
1
1
1
1
1
1
1
1
1
1
1
1
1
1
1
1
1
1
1
1
1
1
1
1
1
1
1
1
1
1
1
1
1
1
1
1
1
1
1
1
1
1
1
1
1
1
1
1
1
1
1
1
1
1
1
1
1
1
1
1
1
1
1
1
1
1
1
1
1
1
1
1
1
1
1
1
1
1
1
1
1
1
1
1
1
1
1
1
1
1
1
1
1
1
1
1
1
1
1
1
1
1
1
1
1
1
1
1
1
1
1
1
1
1
1
1
1
1
1
1
1
1
1
1
1
1
1
1
1
1
1
1
1
1
1
1
1
1
1
1
1
1
1
1
1
1
1
1
1
1
1
1
1
1
1
1
1
1
1
1
1
1
1
1
1
1
1
1
1
1
1
1
1
1
1
1
1
1
1
1
1
1
1
1
1
1
1
1
1
1
1
1
1
1
1
1
1
1
1
1
1
1
1
1
1
1
1
1
1
1
1
1
1
1
1
1
1
1
1
1
1
1
1
1
1
1
1
1
1
1
1
1
1
1
1
1
1
1
1
1
1
1
1
1
1
1
1
1
1
1
1
1
1
1
1
1
1
1
1
1
1
1
1
1
1
1
1
1
1
1
1
1
1
1
1
1
1
1
1
1
1
1
1
1
1
1
1
1
1
1
1
1
1
1
1
1
1
1
1
1
1
1
1
1
1
1
1
1
1
1
1
1
1
1
1
1
1
1
1
1
1
1
1
1
1
1
1
1
1
1
1
1
1
1
1
1
1
1
1
1
1
1
1
1
1
1
1
1
1
1
1
1
1
1
1
1
1
1
1
1
1
1
1
1
1
1
1
1
1
1
1
1
1
1
1
1
1
1
1
1
1
1
1
1
1
1
1
1
1
1
1
1
1
1
1
1
1
1
1
1
1
1
1
1
1
1
1
1
1
1
1
1
1
1
1
1
1
1
1
1
1
1
1
1
1
1
1
1
1
1
1
1
1
1
1
1
1
1
1
1
1
1
1
1
1
1
1
1
1
1
1
1
1
1
1
1
1
1
1
1
1
1
1
1
1
1
1
1
1
1
1
1
1
1
1
1
1
1
1
1
1
1
1
1
1
1
1
1
1
1
1
1
1
1
1
1
1
1
1
1
1
1
1
1
1
1
1
1
1
1
1
1
1
1
1
1
1
1
1
1
1
1
1
1
1
1
1
1
1
1
1
1
1
1
1
1
1
1
1
1
1
1
1
1
1
1
1
1
1
1
1
1
1
1
1
1
1
1
1
1
1
1
1
1
1
1
1
1
1
1
1
1
1
1
1
1
1
1
1
1
1
1
1
1
1
1
1
1
1
1
1
1
1
1
1
1
1
1
1
1
1
1
1
1
1
1
1
1
1
1
1
1
1
1
1
1
1
1
1
1
1
1
1
1
1
1
1
1
1
1
1
1
1
1
1
1
1
1
1
1
1
1
1
1
1
1
1
1
1
1
1
1
1
1
1
1
1
1
1
1
1
1
1
1
1
1
1
1
1
1
1
1
1
1
1
1
1
1
1
1
1
1
1
1
1
1
1
1
1
1
1
1
1
1
1
1
1
1
1
1
1
1
1
1
1
1
1
1
1
1
1
1
1
1
1
1
1
1
1
1
1
1
1
1
1
1
1
1
1
1
1
1
1
1
1
1
1
1
1
1
1
1
1
1
1
1
1
1
1
1
1
1
1
1
1
1
1
1
1
1
1
1
1
1
1
1
1
1
1
1
1
1
1
1
1
1
1
1
1
1
1
1
1
1
1
1
1
1
1
1
1
1
1
1
1
1
1
1
1
1
1
1
1
1
1
1
1
1
1
1
1
1
1
1
1
1
1
1
1
1
1
1
1
1
1
1
1
1
1
1
1
1
1
1
1
1
1
1
1
1
1
1
1
1
1
1
1
1
1
1
1
1
1
1
1
1
1
1
1
1
1
1
1
1
1
1
1
1
1
1
1
1
1
1
1
1
1
1
1
1
1
1
1
1
1
1
1
1
1
1
1
1
1
1
1
1
1
1
1
1
1
1
1
1
1
1
1
1
1
1
1
1
1
1
1
1
1
1
1
1
1
1
1
1
1
1
1
1
1
1
1
1
1
1
1
1
1
1
1
1
1
1
1
1
1
1
1
1
1
1
1
1
1
1
1
1
1
1
1
1
1
1
1
1
1
1
1
1
1
1
1
1
1
1
1
1
1
1
1
1
1
1
1
1
1
1
1
1
1
1
1
1
1
1
1
1
1
1
1
1
1
1
1
1
1
1
1
1
1
1
1
1
1
1
1
1
1
1
1
1
1
1
1
1
1
1
1
1
1
1
1
1
1
1
1
1
1
1
1
1
1
1
1
1
1
1
1
1
1
1
1
1
1
1
1
1
1
1
1
1
1
1
1
1
1
1
1
1
1
1
1
1
1
1
1
1
1
1
1
1
1
1
1
1
1
1
1
1
1
1
1
1
1
1
1
1
1
1
1
1
1
1
1
1
1
1
1
1
1
1
1
1
1
1
1
1
1
1
1
1
1
1
1
1
1
1
1
1
1
1
1
1
1
1
1
1
1
1
1
1
1
1
1
1
1
1
1
1
1
1
1
1
1
1
1
1
1
1
1
1
1
1
1
1
1
1
1
1
1
1
1
1
1
1
1
1
1
1
1
1
1
1
1
1
1
1
1
1
1
1
1
1
1
1
1
1
1
1
1
1
1
1
1
1
1
1
1
1
1
1
1
1
1
1
1
1
1
1
1
1
1
1
1
1
1
1
1
1
1
1
1
1
1
1
1
1
1
1
1
1
1
1
1
1
1
1
1
1
1
1
1
1
1
1
1
1
1
1
1
1
1
1
1
1
1
1
1
1
1
1
1
1
1
1
1
1
1
1
1
1
1
1
1
1
1
1
1
1
1
1
1
1
1
1
1
1
1
1
1
1
1
1
1
1
1
1
1
1
1
1
1
1
1
1
1
1
1
1
1
1
1
1
1
1
1
1
1
1
1
1
1
1
1
1
1
1
1
1
1
1
1
1
1
1
1
1
1
1
1
1
1
1
1
1
1
1
1
1
1
1
1
1
1
1
1
1
1
1
1
1
1
1
1
1
1
1
1
1
1
1
1
1
1
1
1
1
1
1
1
1
1
1
1
1
1
1
1
1
1
1
1
1
1
1
1
1
1
1
1
1
1
1
1
1
1
1
1
1
1
1
1
1
1
1
1
1
1
1
1
1
1
1
1
1
1
1
1
1
1
1
1
1
1
1
1
1
1
1
1
1
1
1
1
1
1
1
1
1
1
1
1
1
1
1
1
1
1
1
1
1
1
1
1
1
1
1
1
1
1
1
1
1
1
1
1
1
1
1
1
1
1
1
1
1
1
1
1
1
1
1
1
1
1
1
1
)
;

boundaryField
{
    inlet
    {
        type            fixedValue;
        value           uniform 1;
    }
    outlet
    {
        type            zeroGradient;
    }
    bottom
    {
        type            symmetryPlane;
    }
    top
    {
        type            symmetryPlane;
    }
    obstacle
    {
        type            zeroGradient;
    }
    defaultFaces
    {
        type            empty;
    }
}


// ************************************************************************* //
