/*--------------------------------*- C++ -*----------------------------------*\
| =========                 |                                                 |
| \\      /  F ield         | OpenFOAM: The Open Source CFD Toolbox           |
|  \\    /   O peration     | Version:  2206                                  |
|   \\  /    A nd           | Website:  www.openfoam.com                      |
|    \\/     M anipulation  |                                                 |
\*---------------------------------------------------------------------------*/
FoamFile
{
    version     2.0;
    format      ascii;
    arch        "LSB;label=32;scalar=64";
    class       volScalarField;
    location    "0.14";
    object      p;
}
// * * * * * * * * * * * * * * * * * * * * * * * * * * * * * * * * * * * * * //

dimensions      [1 -1 -2 0 0 0 0];

internalField   nonuniform List<scalar> 
4800
(
1
1
1
1
1
1
1
1
1
1
1
1
1
1
1
1
1
1
1
1
1
1
1
1
1
1
1
1
1
1
1
1
1
1
1
1
1
1
1
1
1
1
1
1
1
1
1
1
1
1
1
1
1
1
1
1
1
1
1
1
1
1
1
1
1
1
1
1
1
1
1
1
1
1
1
1
1
1
1
1
1
1
1
1
1
1
1
1
1
1
1
1
1
1
1
1
1
1
1
1
1
1
1
1
1
1
1
1
1
1
1
1
1
1
1
1
1
1
1
1
1
1
1
1
1
1
1
1
1
1
1
1
1
1
1
1
1
1
1
1
1
1
1
1
1
1
1
1
1
1
1
1
1
1
1
1
1
1
1
1
1
1
1
1
1
1
1
1
1
1
1
1
1
1
1
1
1
1
1
1
1
1
1
1
1
1
1
1
1
1
1
1
1
1
1
1
1
1
1
1
1
1
1
1
1
1
1
1
1
1
1
1
1
1
1
1
1
1
1
1
1
1
1
1
1
1
1
1
1
1
1
1
1
1
1
1
1
1
1
1
1
1
1
1
1
1
1
1
1
1
1
1
1
1
1
1
1
1
1
1
1
1
1
1
1
1
1
1
1
1
1
1
1
1
1
1
1
1
1
1
1
1
1
1
1
1
1
1
1
1
1
1
1
1
1
1
1
1
1
1
1
1
1
1
1
1
1
1
1
1
1
1
1
1
1
1
1
1
1
1
1
1
1
1
1
1
1
1
1
1
1
1
1
1
1
1
1
1
1
1
1
1
1
1
1
1
1
1
1
1
1
1
1
1
1
1
1
1
1
1
1
1
1
1
1
1
1
1
1
1
1
1
1
1
1
1
1
1
1
1
1
1
1
1
1
1
1
1
1
1
1
1
1
1
1
1
1
1
1
1
1
1
1
1
1
1
1
1
1
1
1
1
1
1
1
1
1
1
1
1
1
1
1
1
1
1
1
1
1
1
1
1
1
1
1
1
1
1
1
1
1
1
1
1
1
1
1
1
1
1
1
1
1
1
1
1
1
1
1
1
1
1
1
1
1
1
1
1
1
1
1
1
1
1
1
1
1
1
1
1
1
1
1
1
1
1
1
1
1
1
1
1
1
1
1
1
1
1
1
1
1
1
1
1
1
1
1
1
1
1
1
1
1
1
1
1
1
1
1
1
1
1
1
1
1
1
1
1
1
1
1
1
1
1
1
1
1
1
1
1
1
1
1
1
1
1
1
1
1
1
1
1
1
1
1
1
1
1
1
1
1
1
1
1
1
1
1
1
1
1
1
1
1
1
1
1
1
1
1
1
1
1
1
1
1
1
1
1
1
1
1
1
1
1
1
1
1
1
1
1
1
1
1
1
1
1
1
1
1
1
1
1
1
1
1
1
1
1
1
1
1
1
1
1
1
1
1
1
1
1
1
1
1
1
1
1
1
1
1
1
1
1
1
1
1
1
1
1
1
1
1
1
1
1
1
1
1
1
1
1
1
1
1
1
1
1
1
1
1
1
1
1
1
1
1
1
1
1
1
1
1
1
1
1
1
1
1
1
1
1
1
1
1
1
1
1
1
1
1
1
1
1
1
1
1
1
1
1
1
1
1
1
1
1
1
1
1
1
1
1
1
1
1
1
1
1
1
1
1
1
1
1
1
1
1
1
1
1
1
1
1
1
1
1
1
1
1
1
1
1
1
1
1
1
1
1
1
1
1
1
1
1
1
1
1
1
1
1
1
1
1
1
1
1
1
1
1
1
1
1
1
1
1
1
1
1
1
1
1
1
1
1
1
1
1
1
1
1
1
1
1
1
1
1
1
1
1
1
1
1
1
1
1
1
1
1
1
1
1
1
1
1
1
1
1
1
1
1
1
1
1
1
1
1
1
1
1
1
1
1
1
1
1
1
1
1
1
1
1
1
1
1
1
1
1
1
1
1
1
1
1
1
1
1
1
1
1
1
1
1
1
1
1
1
1
1
1
1
1
1
1
1
1
1
1
1
1
1
1
1
1
1
1
1
1
1
1
1
1
1
1
1
1
1
1
1
1
1
1
1
1
1
1
1
1
1
1
1
1
1
1
1
1
1
1
1
1
1
1
1
1
1
1
1
1
1
1
1
1
1
1
1
1
1
1
1
1
1
1
1
1
1
1
1
1
1
1
1
1
1
1
1
1
1
1
1
1
1
1
1
1
1
1
1
1
1
1
1
1
1
1
1
1
1
1
1
1
1
1
1
1
1
1
1
1
1
1
1
1
1
1
1
1
1
1
1
1
1
1
1
1
1
1
1
1
1
1
1
1
1
1
1
1
1
1
1
1
1
1
1
1
1
1
1
1
1
1
1
1
1
1
1
1
1
1
1
1
1
1
1
1
1
1
1
1
1
1
1
1
1
1
1
1
1
1
1
1
1
1
1
1
1
1
1
1
1
1
1
1
1
1
1
1
1
1
1
1
1
1
1
1
1
1
1
1
1
1
1
1
1
1
1
1
1
1
1
1
1
1
1
1
1
1
1
1
1
1
1
1
1
1
1
1
1
1
1
1
1
1
1
1
1
1
1
1
1
1
1
1
1
1
1
1
1
1
1
1
1
1
1
1
1
1
1
1
1
1
1
1
1
1
1
1
1
1
1
1
1
1
1
1
1
1
1
1
1
1
1
1
1
1
1
1
1
1
1
1
1
1
1
1
1
1
1
1
1
1
1
1
1
1
1
1
1
1
1
1
1
1
1
1
1
1
1
1
1
1
1
1
1
1
1
1
1
1
1
1
1
1
1
1
1
1
1
1
1
1
1
1
1
1
1
1
1
1
1
1
1
1
1
1
1
1
1
1
1
1
1
1
1
1
1
1
1
1
1
1
1
1
1
1
1
1
1
1
1
1
1
1
1
1
1
1
1
1
1
1
1
1
1
1
1
1
1
1
1
1
1
1
1
1
1
1
1
1
1
1
1
1
1
1
1
1
1
1
1
1
1
1
1
1
1
1
1
1
1
1
1
1
1
1
1
1
1
1
1
1
1
1
1
1
1
1
1
1
1
1
1
1
1
1
1
1
1
1
1
1
1
1
1
1
1
1
1
1
1
1
1
1
1
1
1
1
1
1
1
1
1
1
1
1
1
1
1
1
1
1
1
1
1
1
1
1
1
1
1
1
1
1
1
1
1
1
1
1
1
1
1
1
1
1
1
1
1
1
1
1
1
1
1
1
1
1
1
1
1
1
1
1
1
1
1
1
1
1
1
1
1
1
1
1
1
1
1
1
1
1
1
1
1
1
1
1
1
1
1
1
1
1
1
1
1
1
1
1
1
1
1
1
1
1
1
1
1
1
1
1
1
1
1
1
1
1
1
1
1
1
1
1
1
1
1
1
1
1
1
1
1
1
1
1
1
1
1
1
1
1
1
1
1
1
1
1
1
1
1
1
1
1
1
1
1
1
1
1
1
1
1
1
1
1
1
1
1
1
1
1
1
1
1
1
1
1
1
1
1
1
1
1
1
1
1
1
1
1
1
1
1
1
1
1
1
1
1
1
1
1
1
1
1
1
1
1
1
1
1
1
1
1
1
1
1
1
1
1
1
1
1
1
1
1
1
1
1
1
1
1
1
1
1
1.25632
1.66133
2.143
2.69722
3.40412
4.07601
4.6616
5.45288
6.72858
7.33443
7.62953
8.09138
9.15868
9.96694
9.95737
9.91142
10.1149
10.1175
9.83323
9.27727
8.73534
8.22516
7.74019
7.24327
6.63277
6.02301
5.95812
5.98716
5.94204
5.91455
5.95997
6.07592
6.28331
6.36638
6.32407
6.26564
6.27155
6.35694
6.46553
6.5417
6.58646
6.59995
6.59947
6.58801
6.56663
6.51466
6.4471
6.43456
6.46415
6.58983
6.70781
6.73506
6.72467
6.67476
6.59701
6.5287
6.49342
6.47223
6.46874
6.50245
6.61698
6.72834
6.7742
6.7742
6.7356
6.63395
6.48828
6.4063
6.39775
6.41842
6.49635
6.65878
6.79458
6.83622
6.8334
6.77995
6.66183
6.52872
6.44971
6.45226
1
1
0.999999
0.999418
0.996526
1.0417
1.12779
1.11916
1.21649
1.59676
2.03553
2.33408
2.77866
3.54851
4.25804
4.59382
5.18219
5.97104
6.15554
6.39488
6.81025
6.82809
7.08318
7.28997
7.21835
7.01746
6.99788
7.00577
6.9312
6.6744
6.53634
6.47576
6.46066
6.40422
6.30739
6.2748
6.29784
6.33522
6.36455
6.38399
6.40319
6.45833
6.54849
6.58627
6.58398
6.55403
6.52944
6.51103
6.51889
6.53719
6.54958
6.58079
6.6151
6.62279
6.60665
6.59926
6.60046
6.58865
6.56544
6.55778
6.56169
6.57671
6.63334
6.67537
6.66802
6.61978
6.58634
6.56318
6.54112
6.54634
6.57447
6.60032
6.62226
6.66779
6.69444
6.69027
6.63551
6.60413
6.59588
6.5976
1
1
1
1
1
0.999993
1
1
0.999999
1
1
1
0.997758
1.02013
1.1463
1.30134
1.54234
2.19535
3.16555
4.04036
5.28018
6.47754
7.08531
7.81908
7.832
7.75201
7.75756
7.7311
7.63615
7.37139
7.04177
6.78075
6.48245
6.40828
6.38432
6.34415
6.31946
6.31678
6.3159
6.32905
6.33232
6.36576
6.44045
6.51528
6.56014
6.58746
6.58631
6.5882
6.58959
6.55329
6.49564
6.47985
6.49113
6.55035
6.63026
6.66221
6.66321
6.65247
6.6385
6.6104
6.54955
6.5255
6.52475
6.54569
6.61387
6.66208
6.67385
6.6779
6.67023
6.64112
6.6217
6.5811
6.54603
6.52833
6.53046
6.56934
6.64375
6.69692
6.72632
6.74031
1
1
1
1
1
1
1
1
1
1
1
1
1
1
1
1
1
0.998383
1.01582
1.07923
1.29525
1.99895
2.8462
4.07267
5.10182
5.8414
6.83576
7.07346
7.12019
7.06094
6.79877
6.77972
6.80326
6.86153
6.89199
6.86541
6.74732
6.64009
6.55361
6.45886
6.29585
6.24954
6.26789
6.30024
6.36209
6.46644
6.57782
6.62062
6.62086
6.59371
6.51892
6.44288
6.43583
6.46259
6.54401
6.66163
6.7131
6.72099
6.71257
6.65664
6.55029
6.48237
6.46289
6.46204
6.51838
6.65967
6.7425
6.75705
6.74906
6.72111
6.65866
6.57775
6.5073
6.4701
6.4653
6.48652
6.5746
6.71682
6.80071
6.80198
1
1
1
1
1
1
1
1
1
1
1
1
1
1
1
1
1
1
1
1
1
0.999941
0.998931
1.06847
1.48782
2.06217
2.928
4.06774
5.0501
6.37053
6.8287
6.97138
7.27739
7.25644
7.1868
7.17246
7.12206
7.00985
6.80453
6.57835
6.40404
6.32009
6.3098
6.30821
6.33024
6.3795
6.4844
6.58509
6.60511
6.5922
6.54761
6.47128
6.44183
6.45648
6.49232
6.59059
6.70179
6.72471
6.72153
6.6752
6.55757
6.45847
6.43331
6.43334
6.46421
6.57428
6.70361
6.77971
6.79889
6.77726
6.68946
6.58257
6.51423
6.48549
6.48381
6.49407
6.52156
6.60845
6.74477
6.80577
1
1
1
1
1
1
1
1
1
1
1
1
1
1
1
1
1
1
1
1
1
1
1
0.999998
1
0.998602
1.00387
1.1737
1.46994
1.99108
3.08738
4.14822
5.41981
5.93738
6.23299
6.49519
6.57481
6.70548
6.7205
6.77074
6.79363
6.73627
6.64791
6.53637
6.41417
6.397
6.40995
6.49206
6.54599
6.53488
6.50464
6.44535
6.42157
6.43051
6.45576
6.52011
6.63562
6.69248
6.70042
6.69903
6.66238
6.56355
6.49679
6.48974
6.51224
6.55411
6.60052
6.64477
6.68245
6.69848
6.69157
6.67262
6.64543
6.60044
6.55853
6.54603
6.56463
6.58872
6.62526
6.66651
1
1
1
1
1
1
1
1
1
1
1
1
1
1
1
1
1
1
1
1
1
1
1
1
1
1
0.999999
1
1
0.998427
1.0339
1.1745
1.50311
2.36008
3.35198
4.34304
5.08608
5.84269
6.57033
6.7935
6.95388
6.99333
6.94664
6.81312
6.55385
6.30535
6.30395
6.40446
6.51966
6.53677
6.52678
6.51347
6.44675
6.39825
6.3937
6.41498
6.47969
6.57327
6.64716
6.68395
6.69419
6.6944
6.67797
6.64494
6.60373
6.57027
6.55267
6.53228
6.52096
6.53496
6.61246
6.69163
6.70996
6.72593
6.73302
6.70567
6.6444
6.60749
6.5721
6.55379
1
1
1
1
1
1
1
1
1
1
1
1
1
1
1
1
1
1
1
1
1
1
1
1
1
1
1
1
1
1
1
1
0.999575
1.00199
1.03351
1.19354
1.79421
2.53338
3.60376
4.51348
5.41012
6.24908
6.5096
6.53534
6.31495
6.25505
6.29508
6.47976
6.61081
6.64097
6.65401
6.65452
6.61996
6.54657
6.46398
6.40922
6.40066
6.42169
6.46322
6.53065
6.63562
6.72713
6.77135
6.78294
6.77252
6.67586
6.51189
6.43752
6.4193
6.42011
6.46381
6.61538
6.76764
6.8065
6.80957
6.79713
6.73369
6.59334
6.49934
6.49776
1
1
1
1
1
1
1
1
1
1
1
1
1
1
1
1
1
1
1
1
1
1
1
1
1
1
1
1
1
1
1
1
1
1
1
1
0.999296
1.00009
1.10676
1.50425
2.04388
2.99289
4.01876
5.29407
6.00982
6.15632
6.47756
6.59961
6.60133
6.59085
6.62126
6.64296
6.61927
6.58324
6.55418
6.52306
6.44506
6.36089
6.35145
6.37537
6.45057
6.60938
6.75791
6.81197
6.81711
6.79436
6.67031
6.48309
6.41388
6.41624
6.45912
6.53242
6.66542
6.77852
6.80946
6.80389
6.75429
6.69104
6.59372
6.53272
1
1
1
1
1
1
1
1
1
1
1
1
1
1
1
1
1
1
1
1
1
1
1
1
1
1
1
1
1
1
1
1
1
1
1
1
1
1
1
0.99998
0.998184
1.0488
1.26391
1.6824
2.7132
3.73388
4.908
5.62926
5.85527
6.01925
6.08174
6.24964
6.52169
6.67201
6.73456
6.73893
6.68558
6.54745
6.38538
6.32535
6.3407
6.40492
6.55222
6.72021
6.78103
6.78236
6.75795
6.68829
6.58388
6.51996
6.50469
6.5256
6.57037
6.60522
6.64096
6.67894
6.69106
6.67394
6.661
6.64584
1
1
1
1
1
1
1
1
1
1
1
1
1
1
1
1
1
1
1
1
1
1
1
1
1
1
1
1
1
1
1
1
1
1
1
1
1
1
1
1
1
1
1
0.99867
1.03294
1.19282
1.49965
2.30786
3.47414
4.73894
5.12769
5.55193
6.14148
6.52312
6.66473
6.68806
6.69414
6.69397
6.63296
6.47525
6.3693
6.36521
6.39334
6.45124
6.54225
6.64428
6.71668
6.755
6.78152
6.7792
6.74749
6.6811
6.56833
6.50405
6.49534
6.49791
6.52623
6.57733
6.63372
6.67862
1
1
1
1
1
1
1
1
1
1
1
1
1
1
1
1
1
1
1
1
1
1
1
1
1
1
1
1
1
1
1
1
1
1
1
1
1
1
1
1
1
1
1
1
1
1
0.999012
1.01428
1.10517
1.41473
2.19676
3.18333
4.33769
5.0562
5.68096
6.19979
6.55531
6.62024
6.61348
6.68381
6.67076
6.57963
6.46457
6.38236
6.34948
6.36116
6.42746
6.585
6.74317
6.82188
6.84664
6.83452
6.74195
6.55068
6.45553
6.45343
6.48523
6.53555
6.60213
6.70143
1
1
1
1
1
1
1
1
1
1
1
1
1
1
1
1
1
1
1
1
1
1
1
1
1
1
1
1
1
1
1
1
1
1
1
1
1
1
1
1
1
1
1
1
1
1
1
0.999999
1
0.999117
1.00929
1.06188
1.41677
2.33151
3.33157
4.34744
5.15605
5.78753
6.23648
6.56694
6.69735
6.74936
6.75272
6.66028
6.42423
6.25801
6.25146
6.30599
6.46757
6.71993
6.83063
6.83283
6.79032
6.68933
6.5912
6.54597
6.53161
6.54959
6.61093
6.64065
1
1
1
1
1
1
1
1
1
1
1
1
1
1
1
1
1
1
1
1
1
1
1
1
1
1
1
1
1
1
1
1
1
1
1
1
1
1
1
1
1
1
1
1
1
1
1
1
1
1
1
1
0.99901
1.01499
1.08946
1.51063
2.38579
3.48138
4.3552
5.25252
6.16013
6.64559
6.69453
6.69177
6.67187
6.53299
6.323
6.2942
6.34138
6.47785
6.63526
6.6909
6.69867
6.67606
6.65028
6.67045
6.71411
6.7365
6.71378
6.65089
1
1
1
1
1
1
1
1
1
1
1
1
1
1
1
1
1
1
1
1
1
1
1
1
1
1
1
1
1
1
1
1
1
1
1
1
1
1
1
1
1
1
1
1
1
1
1
1
1
1
1
1
1
1
1
0.99903
1.01208
1.14985
1.76648
2.69952
3.88099
4.92891
5.87609
6.51267
6.61394
6.58474
6.59175
6.56548
6.50764
6.49613
6.51906
6.52111
6.47008
6.44482
6.51078
6.67007
6.79169
6.80871
6.79318
6.74647
1
1
1
1
1
1
1
1
1
1
1
1
1
1
1
1
1
1
1
1
1
1
1
1
1
1
1
1
1
1
1
1
1
1
1
1
1
1
1
1
1
1
1
1
1
1
1
1
1
1
1
1
1
1
1
1
1
0.999613
1.0026
1.03632
1.38375
2.20425
3.37394
4.44464
5.379
6.24586
6.53419
6.53655
6.62296
6.77002
6.76714
6.65713
6.40764
6.30113
6.341
6.47216
6.65702
6.72401
6.73344
6.73022
1
1
1
1
1
1
1
1
1
1
1
1
1
1
1
1
1
1
1
1
1
1
1
1
1
1
1
1
1
1
1
1
1
1
1
1
1
1
1
1
1
1
1
1
1
1
1
1
1
1
1
1
1
1
1
1
1
1
1
1
0.999688
1.01334
1.14636
1.76483
2.72669
4.06155
5.22396
5.89061
6.44792
6.75305
6.78503
6.75956
6.61773
6.42147
6.40249
6.44928
6.55111
6.57028
6.5371
6.56785
1
1
1
1
1
1
1
1
1
1
1
1
1
1
1
1
1
1
1
1
1
1
1
1
1
1
1
1
1
1
1
1
1
1
1
1
1
1
1
1
1
1
1
1
1
1
1
1
1
1
1
1
1
1
1
1
1
1
1
1
0.999998
0.999998
0.999679
1.00439
1.05398
1.506
2.74723
4.07838
4.88706
5.92392
6.59878
6.65956
6.58864
6.59785
6.7141
6.74785
6.72012
6.6249
6.4943
6.45751
1
1
1
1
1
1
1
1
1
1
1
1
1
1
1
1
1
1
1
1
1
1
1
1
1
1
1
1
1
1
1
1
1
1
1
1
1
1
1
1
1
1
1
1
1
1
1
1
1
1
1
1
1
1
1
1
1
1
1
1
1
1
0.999994
0.999994
0.999848
1.00273
1.05694
1.48891
2.34589
3.50039
5.02669
5.66212
5.9111
6.31042
6.67605
6.81173
6.80545
6.75234
6.65258
6.55235
1
1
1
1
1
1
1
1
1
1
1
1
1
1
1
1
1
1
1
1
1
1
1
1
1
1
1
1
1
1
1
1
1
1
1
1
1
1
1
1
1
1
1
1
1
1
1
1
1
1
1
1
1
1
1
1
1
1
1
1
1
1
1
1
0.999993
0.999994
0.999877
1.00192
1.03485
1.19993
2.00111
3.92454
5.0389
5.55283
6.25655
6.73274
6.72208
6.70129
6.68089
6.69172
1
1
1
1
1
1
1
1
1
1
1
1
1
1
1
1
1
1
1
1
1
1
1
1
1
1
1
1
1
1
1
1
1
1
1
1
1
1
1
1
1
1
1
1
1
1
1
1
1
1
1
1
1
1
1
1
1
1
1
1
1
1
1
1
1
1
0.999995
0.999997
0.999957
1.00013
1.01812
1.34668
2.71095
4.04026
5.40756
6.27477
6.18981
6.07474
6.21145
6.52182
1
1
1
1
1
1
1
1
1
1
1
1
1
1
1
1
1
1
1
1
1
1
1
1
1
1
1
1
1
1
1
1
1
1
1
1
1
1
1
1
1
1
1
1
1
1
1
1
1
1
1
1
1
1
1
1
1
1
1
1
1
1
1
1
1
1
1
1
0.999998
0.999997
0.99995
1.00247
1.12317
1.534
2.34008
4.17741
5.9323
6.03195
6.15804
6.31492
1
1
1
1
1
1
1
1
1
1
1
1
1
1
1
1
1
1
1
1
1
1
1
1
1
1
1
1
1
1
1
1
1
1
1
1
1
1
1
1
1
1
1
1
1
1
1
1
1
1
1
1
1
1
1
1
1
1
1
1
1
1
1
1
1
1
1
1
1
1
0.999995
0.999993
1.00007
1.0036
1.05563
1.37574
2.90842
4.73413
6.0669
6.49001
1
1
1
1
1
1
1
1
1
1
1
1
1
1
1
1
1
1
1
1
1
1
1
1
1
1
1
1
1
1
1
1
1
1
1
1
1
1
1
1
1
1
1
1
1
1
1
1
1
1
1
1
1
1
1
1
1
1
1
1
1
1
1
1
1
1
1
1
1
1
1
1
0.999999
0.999998
0.999958
1.0026
1.19407
2.21896
3.63116
5.53162
1
1
1
1
1
1
1
1
1
1
1
1
1
1
1
1
1
1
1
1
1
1
1
1
1
1
1
1
1
1
1
1
1
1
1
1
1
1
1
1
1
1
1
1
1
1
1
1
1
1
1
1
1
1
1
1
1
1
1
1
1
1
1
1
1
1
1
1
1
1
1
1
1
1
0.999997
0.99999
1.00123
1.05875
1.35626
3.31943
1
1
1
1
1
1
1
1
1
1
1
1
1
1
1
1
1
1
1
1
1
1
1
1
1
1
1
1
1
1
1
1
1
1
1
1
1
1
1
1
1
1
1
1
1
1
1
1
1
1
1
1
1
1
1
1
1
1
1
1
1
1
1
1
1
1
1
1
1
1
1
1
1
1
1
0.999998
0.999997
1.00004
1.00303
1.46719
1
1
1
1
1
1
1
1
1
1
1
1
1
1
1
1
1
1
1
1
1
1
1
1
1
1
1
1
1
1
1
1
1
1
1
1
1
1
1
1
1
1
1
1
1
1
1
1
1
1
1
1
1
1
1
1
1
1
1
1
1
1
1
1
1
1
1
1
1
1
1
1
1
1
1
1
1
0.999999
1
1.02202
1
1
1
1
1
1
1
1
1
1
1
1
1
1
1
1
1
1
1
1
1
1
1
1
1
1
1
1
1
1
1
1
1
1
1
1
1
1
1
1
1
1
1
1
1
1
1
1
1
1
1
1
1
1
1
1
1
1
1
1
1
1
1
1
1
1
1
1
1
1
1
1
1
1
1
1
1
1
1
1.00027
1
1
1
1
1
1
1
1
1
1
1
1
1
1
1
1
1
1
1
1
1
1
1
1
1
1
1
1
1
1
1
1
1
1
1
1
1
1
1
1
1
1
1
1
1
1
1
1
1
1
1
1
1
1
1
1
1
1
1
1
1
1
1
1
1
1
1
1
1
1
1
1
1
1
1
1
1
1
1
1
1
1
1
1
1
1
1
1
1
1
1
1
1
1
1
1
1
1
1
1
1
1
1
1
1
1
1
1
1
1
1
1
1
1
1
1
1
1
1
1
1
1
1
1
1
1
1
1
1
1
1
1
1
1
1
1
1
1
1
1
1
1
1
1
1
1
1
1
1
1
1
1
1
1
1
1
1
1
1
1
1
1
1
1
1
1
1
1
1
1
1
1
1
1
1
1
1
1
1
1
1
1
1
1
1
1
1
1
1
1
1
1
1
1
1
1
1
1
1
1
1
1
1
1
1
1
1
1
1
1
1
1
1
1
1
1
1
1
1
1
1
1
1
1
1
1
1
1
1
1
1
1
1
1
1
1
1
1
1
1
1
1
1
1
1
1
1
1
1
1
1
1
1
1
1
1
1
1
1
1
1
1
1
1
1
1
1
1
1
1
1
1
1
1
1
1
1
1
1
1
1
1
1
1
1
1
1
1
1
1
1
1
1
1
1
1
1
1
1
1
1
1
1
1
1
1
1
1
1
1
1
1
1
1
1
1
1
1
1
1
1
1
1
1
1
1
1
1
1
1
1
1
1
1
1
1
1
1
1
1
1
1
1
1
1
1
1
1
1
1
1
1
1
1
1
1
1
1
1
1
1
1
1
1
1
1
1
1
1
1
1
1
1
1
1
1
1
1
1
1
1
1
1
1
1
1
1
1
1
1
1
1
1
1
1
1
1
1
1
1
1
1
1
1
1
1
1
1
1
1
1
1
1
1
1
1
1
1
1
1
1
1
1
1
1
1
1
1
1
1
1
1
1
1
1
1
1
1
1
1
1
1
1
1
1
1
1
1
1
1
1
1
1
1
1
1
1
1
1
1
1
1
1
1
1
1
1
1
1
1
1
1
1
1
1
1
1
1
1
1
1
1
1
1
1
1
1
1
1
1
1
1
1
1
1
1
1
1
1
1
1
1
1
1
1
1
1
1
1
1
1
1
1
1
1
1
1
1
1
1
1
1
1
1
1
1
1
1
1
1
1
1
1
1
1
1
1
1
1
1
1
1
1
1
1
1
1
1
1
1
1
1
1
1
1
1
1
1
1
1
1
1
1
1
1
1
1
1
1
1
1
1
1
1
1
1
1
1
1
1
1
1
1
1
1
1
1
1
1
1
1
1
1
1
1
1
1
1
1
1
1
1
1
1
1
1
1
1
1
1
1
1
1
1
1
1
1
1
1
1
1
1
1
1
1
1
1
1
1
1
1
1
1
1
1
1
1
1
1
1
1
1
1
1
1
1
1
1
1
1
1
1
1
1
1
1
1
1
1
1
1
1
1
1
1
1
1
1
1
1
1
1
1
1
1
1
1
1
1
1
1
1
1
1
1
1
1
1
1
1
1
1
1
1
1
1
1
1
1
1
1
1
1
1
1
1
1
1
1
1
1
1
1
1
1
1
1
1
1
1
1
1
1
1
1
1
1
1
1
1
1
1
1
1
1
1
1
1
1
1
1
1
1
1
1
1
1
1
1
1
1
1
1
1
1
1
1
1
1
1
1
1
1
1
1
1
1
1
1
1
1
1
1
1
1
1
1
1
1
1
1
1
1
1
1
1
1
1
1
1
1
1
1
1
1
1
1
1
1
1
1
1
1
1
1
1
1
1
1
1
1
1
1
1
1
1
1
1
1
1
1
1
1
1
1
1
1
1
1
1
1
1
1
1
1
1
1
1
1
1
1
1
1
1
1
1
1
1
1
1
1
1
1
1
1
1
1
1
1
1
1
1
1
1
1
1
1
1
1
1
1
1
1
1
1
1
1
1
1
1
1
1
1
1
1
1
1
1
1
1
1
1
1
1
1
1
1
1
1
1
1
1
1
1
1
1
1
1
1
1
1
1
1
1
1
1
1
1
1
1
1
1
1
1
1
1
1
1
1
1
1
1
1
1
1
1
1
1
1
1
1
1
1
1
1
1
1
1
1
1
1
1
1
1
1
1
1
1
1
1
)
;

boundaryField
{
    inlet
    {
        type            fixedValue;
        value           uniform 1;
    }
    outlet
    {
        type            zeroGradient;
    }
    bottom
    {
        type            symmetryPlane;
    }
    top
    {
        type            symmetryPlane;
    }
    obstacle
    {
        type            zeroGradient;
    }
    defaultFaces
    {
        type            empty;
    }
}


// ************************************************************************* //
