/*--------------------------------*- C++ -*----------------------------------*\
| =========                 |                                                 |
| \\      /  F ield         | OpenFOAM: The Open Source CFD Toolbox           |
|  \\    /   O peration     | Version:  2206                                  |
|   \\  /    A nd           | Website:  www.openfoam.com                      |
|    \\/     M anipulation  |                                                 |
\*---------------------------------------------------------------------------*/
FoamFile
{
    version     2.0;
    format      ascii;
    arch        "LSB;label=32;scalar=64";
    class       volScalarField;
    location    "0.1";
    object      p;
}
// * * * * * * * * * * * * * * * * * * * * * * * * * * * * * * * * * * * * * //

dimensions      [1 -1 -2 0 0 0 0];

internalField   nonuniform List<scalar> 
4800
(
1
1
1
1
1
1
1
1
1
1
1
1
1
1
1
1
1
1
1
1
1
1
1
1
1
1
1
1
1
1
1
1
1
1
1
1
1
1
1
1
1
1
1
1
1
1
1
1
1
1
1
1
1
1
1
1
1
1
1
1
1
1
1
1
1
1
1
1
1
1
1
1
1
1
1
1
1
1
1
1
1
1
1
1
1
1
1
1
1
1
1
1
1
1
1
1
1
1
1
1
1
1
1
1
1
1
1
1
1
1
1
1
1
1
1
1
1
1
1
1
1
1
1
1
1
1
1
1
1
1
1
1
1
1
1
1
1
1
1
1
1
1
1
1
1
1
1
1
1
1
1
1
1
1
1
1
1
1
1
1
1
1
1
1
1
1
1
1
1
1
1
1
1
1
1
1
1
1
1
1
1
1
1
1
1
1
1
1
1
1
1
1
1
1
1
1
1
1
1
1
1
1
1
1
1
1
1
1
1
1
1
1
1
1
1
1
1
1
1
1
1
1
1
1
1
1
1
1
1
1
1
1
1
1
1
1
1
1
1
1
1
1
1
1
1
1
1
1
1
1
1
1
1
1
1
1
1
1
1
1
1
1
1
1
1
1
1
1
1
1
1
1
1
1
1
1
1
1
1
1
1
1
1
1
1
1
1
1
1
1
1
1
1
1
1
1
1
1
1
1
1
1
1
1
1
1
1
1
1
1
1
1
1
1
1
1
1
1
1
1
1
1
1
1
1
1
1
1
1
1
1
1
1
1
1
1
1
1
1
1
1
1
1
1
1
1
1
1
1
1
1
1
1
1
1
1
1
1
1
1
1
1
1
1
1
1
1
1
1
1
1
1
1
1
1
1
1
1
1
1
1
1
1
1
1
1
1
1
1
1
1
1
1
1
1
1
1
1
1
1
1
1
1
1
1
1
1
1
1
1
1
1
1
1
1
1
1
1
1
1
1
1
1
1
1
1
1
1
1
1
1
1
1
1
1
1
1
1
1
1
1
1
1
1
1
1
1
1
1
1
1
1
1
1
1
1
1
1
1
1
1
1
1
1
1
1
1
1
1
1
1
1
1
1
1
1
1
1
1
1
1
1
1
1
1
1
1
1
1
1
1
1
1
1
1
1
1
1
1
1
1
1
1
1
1
1
1
1
1
1
1
1
1
1
1
1
1
1
1
1
1
1
1
1
1
1
1
1
1
1
1
1
1
1
1
1
1
1
1
1
1
1
1
1
1
1
1
1
1
1
1
1
1
1
1
1
1
1
1
1
1
1
1
1
1
1
1
1
1
1
1
1
1
1
1
1
1
1
1
1
1
1
1
1
1
1
1
1
1
1
1
1
1
1
1
1
1
1
1
1
1
1
1
1
1
1
1
1
1
1
1
1
1
1
1
1
1
1
1
1
1
1
1
1
1
1
1
1
1
1
1
1
1
1
1
1
1
1
1
1
1
1
1
1
1
1
1
1
1
1
1
1
1
1
1
1
1
1
1
1
1
1
1
1
1
1
1
1
1
1
1
1
1
1
1
1
1
1
1
1
1
1
1
1
1
1
1
1
1
1
1
1
1
1
1
1
1
1
1
1
1
1
1
1
1
1
1
1
1
1
1
1
1
1
1
1
1
1
1
1
1
1
1
1
1
1
1
1
1
1
1
1
1
1
1
1
1
1
1
1
1
1
1
1
1
1
1
1
1
1
1
1
1
1
1
1
1
1
1
1
1
1
1
1
1
1
1
1
1
1
1
1
1
1
1
1
1
1
1
1
1
1
1
1
1
1
1
1
1
1
1
1
1
1
1
1
1
1
1
1
1
1
1
1
1
1
1
1
1
1
1
1
1
1
1
1
1
1
1
1
1
1
1
1
1
1
1
1
1
1
1
1
1
1
1
1
1
1
1
1
1
1
1
1
1
1
1
1
1
1
1
1
1
1
1
1
1
1
1
1
1
1
1
1
1
1
1
1
1
1
1
1
1
1
1
1
1
1
1
1
1
1
1
1
1
1
1
1
1
1
1
1
1
1
1
1
1
1
1
1
1
1
1
1
1
1
1
1
1
1
1
1
1
1
1
1
1
1
1
1
1
1
1
1
1
1
1
1
1
1
1
1
1
1
1
1
1
1
1
1
1
1
1
1
1
1
1
1
1
1
1
1
1
1
1
1
1
1
1
1
1
1
1
1
1
1
1
1
1
1
1
1
1
1
1
1
1
1
1
1
1
1
1
1
1
1
1
1
1
1
1
1
1
1
1
1
1
1
1
1
1
1
1
1
1
1
1
1
1
1
1
1
1
1
1
1
1
1
1
1
1
1
1
1
1
1
1
1
1
1
1
1
1
1
1
1
1
1
1
1
1
1
1
1
1
1
1
1
1
1
1
1
1
1
1
1
1
1
1
1
1
1
1
1
1
1
1
1
1
1
1
1
1
1
1
1
1
1
1
1
1
1
1
1
1
1
1
1
1
1
1
1
1
1
1
1
1
1
1
1
1
1
1
1
1
1
1
1
1
1
1
1
1
1
1
1
1
1
1
1
1
1
1
1
1
1
1
1
1
1
1
1
1
1
1
1
1
1
1
1
1
1
1
1
1
1
1
1
1
1
1
1
1
1
1
1
1
1
1
1
1
1
1
1
1
1
1
1
1
1
1
1
1
1
1
1
1
1
1
1
1
1
1
1
1
1
1
1
1
1
1
1
1
1
1
1
1
1
1
1
1
1
1
1
1
1
1
1
1
1
1
1
1
1
1
1
1
1
1
1
1
1
1
1
1
1
1
1
1
1
1
1
1
1
1
1
1
1
1
1
1
1
1
1
1
1
1
1
1
1
1
1
1
1
1
1
1
1
1
1
1
1
1
1
1
1
1
1
1
1
1
1
1
1
1
1
1
1
1
1
1
1
1
1
1
1
1
1
1
1
1
1
1
1
1
1
1
1
1
1
1
1
1
1
1
1
1
1
1
1
1
1
1
1
1
1
1
1
1
1
1
1
1
1
1
1
1
1
1
1
1
1
1
1
1
1
1
1
1
1
1
1
1
1
1
1
1
1
1
1
1
1
1
1
1
1
1
1
1
1
1
1
1
1
1
1
1
1
1
1
1
1
1
1
1
1
1
1
1
1
1
1
1
1
1
1
1
1
1
1
1
1
1
1
1
1
1
1
1
1
1
1
1
1
1
1
1
1
1
1
1
1
1
1
1
1
1
1
1
1
1
1
1
1
1
1
1
1
1
1
1
1
1
1
1
1
1
1
1
1
1
1
1
1
1
1
1
1
1
1
1
1
1
1
1
1
1
1
1
1
1
1
1
1
1
1
1
1
1
1
1
1
1
1
1
1
1
1
1
1
1
1
1
1
1
1
1
1
1
1
1
1
1
1
1
1
1
1
1
1
1
1
1
1
1
1
1
1
1
1
1
1
1
1
1
1
1
1
1
1
1
1
1
1
1
1
1
1
1
1
1
1
1
1
1
1
1
1
1
1
1
1
1
1
1
1
1
1
1
1
1
1
1
1
1
1
1
1
1
1
1
1
1
1
1
1
1
1
1
1
1
1
1
1
1
1
1
1
1
1
1
1
1
1
1
1
1
1
1
1
1
1
1
1
1
1
1
1
1
1
1.25573
1.65973
2.15199
2.69071
3.33254
4.16498
4.80396
5.3647
6.26659
7.60818
8.05647
8.27709
8.72684
9.73284
10.2867
10.1757
10.1406
10.1889
10.0658
9.62999
8.93834
8.1807
7.56883
7.18907
6.9353
6.47239
5.97257
5.92609
5.96274
5.95884
5.96753
6.02936
6.20082
6.44133
6.51545
6.47918
6.38304
6.3512
6.39263
6.49476
6.6052
6.65963
6.67312
6.67822
6.67318
6.64857
6.59221
6.52427
6.50645
6.52109
6.61686
6.74132
6.7871
6.7875
6.7561
6.68859
6.6206
6.56802
6.52521
6.50592
6.51764
6.60704
6.74239
6.82309
6.84263
6.82717
6.75952
6.6415
6.52365
6.47553
6.47098
6.48864
6.56322
6.72487
6.86691
6.91553
6.91568
6.8626
6.75259
6.64103
1
1
0.999999
0.999877
0.997402
0.998179
1.1188
1.22794
1.25754
1.46304
1.94817
2.42669
2.77215
3.3273
4.22651
4.81463
5.12032
5.85406
6.31934
6.45947
6.70842
6.82354
7.11392
7.2873
7.3846
7.30255
7.01344
6.93095
6.91625
6.84738
6.66192
6.49639
6.47473
6.45484
6.43042
6.35998
6.33275
6.35303
6.415
6.46606
6.47669
6.48273
6.52278
6.61058
6.65501
6.65552
6.62338
6.60201
6.59035
6.59423
6.6006
6.59895
6.61094
6.65062
6.67902
6.67794
6.67293
6.67352
6.66195
6.63412
6.61731
6.6194
6.62356
6.64998
6.70232
6.72483
6.71003
6.66954
6.65322
6.63942
6.63142
6.64033
6.66094
6.67637
6.68256
6.70761
6.7227
6.71675
6.69633
6.68577
1
1
1
1
1
0.999994
0.999997
1
1
1
0.999999
1
0.997981
1.0074
1.10368
1.35276
1.57709
1.98996
2.95897
3.98517
5.14186
6.5571
7.12363
7.80066
7.97118
7.89374
7.8084
7.74747
7.66872
7.54236
7.24814
6.94834
6.57467
6.40893
6.38494
6.39237
6.39196
6.40137
6.41966
6.42999
6.42406
6.40122
6.41681
6.46711
6.52745
6.59619
6.65143
6.65964
6.6637
6.67014
6.64625
6.57169
6.53111
6.5326
6.57079
6.66031
6.73023
6.74019
6.73021
6.72171
6.69722
6.64495
6.59179
6.57252
6.56833
6.59889
6.68598
6.7434
6.75506
6.75587
6.74922
6.73386
6.72136
6.68394
6.61805
6.56041
6.54142
6.55094
6.62138
6.75148
1
1
1
1
1
1
1
1
1
1
1
1
1
1
1
1
1
0.998602
1.0067
1.0868
1.27661
1.9173
2.8342
3.9211
5.12947
5.79522
6.53297
7.1382
7.16986
7.19487
7.09715
6.92516
6.89963
6.84724
6.80363
6.83107
6.82576
6.76683
6.6852
6.61112
6.45361
6.29341
6.28069
6.30273
6.3413
6.41526
6.55345
6.67332
6.71633
6.71978
6.69275
6.61013
6.50652
6.47112
6.4848
6.54778
6.6758
6.7742
6.80172
6.80223
6.77292
6.67662
6.57595
6.53298
6.5223
6.53222
6.60228
6.7188
6.79878
6.82437
6.81901
6.80129
6.76589
6.68947
6.59751
6.52811
6.50927
6.51558
6.55286
6.70608
1
1
1
1
1
1
1
1
1
1
1
1
1
1
1
1
1
1
0.999999
1
1
0.999954
1.001
1.04146
1.3515
2.03988
2.79991
3.9244
4.93301
5.96248
7.0754
7.14369
7.29074
7.33465
7.24737
7.18156
7.15435
7.09641
6.95251
6.71638
6.54623
6.40978
6.38032
6.3702
6.36347
6.37343
6.4378
6.56753
6.67103
6.68805
6.67544
6.64116
6.56939
6.51724
6.52131
6.54044
6.59788
6.7132
6.77937
6.7884
6.77003
6.67656
6.57385
6.53913
6.53891
6.55601
6.59213
6.64986
6.70964
6.76977
6.81234
6.81773
6.77257
6.68914
6.6276
6.59112
6.5611
6.55773
6.56982
6.64265
1
1
1
1
1
1
1
1
1
1
1
1
1
1
1
1
1
1
1
1
1
1
1
0.999999
1
0.999786
0.9976
1.1014
1.48579
1.93094
2.87027
3.96799
5.13078
6.16908
6.30039
6.54698
6.5943
6.65023
6.71341
6.78941
6.8382
6.80932
6.75285
6.69816
6.60055
6.45383
6.39895
6.40981
6.47564
6.55515
6.5837
6.58419
6.56852
6.56362
6.55972
6.56186
6.57761
6.63172
6.69154
6.71298
6.71842
6.71285
6.68741
6.64298
6.62465
6.63657
6.65496
6.65407
6.64933
6.64414
6.65271
6.69082
6.72844
6.73515
6.73014
6.71753
6.68213
6.63658
6.63004
6.67021
1
1
1
1
1
1
1
1
1
1
1
1
1
1
1
1
1
1
1
1
1
1
1
1
1
1
1
0.999999
1
0.998628
1.00878
1.16048
1.43973
2.14025
3.22312
4.30612
5.19432
5.74238
6.48404
6.80032
6.88621
6.96653
6.98702
6.95036
6.83937
6.53971
6.33361
6.33151
6.38966
6.50867
6.57283
6.59621
6.6225
6.60931
6.53651
6.50447
6.50353
6.52119
6.54731
6.59381
6.64429
6.6946
6.73667
6.76765
6.78617
6.79236
6.75934
6.66661
6.59395
6.53394
6.51551
6.52727
6.61696
6.75463
6.80641
6.82269
6.82276
6.805
6.76222
6.70787
1
1
1
1
1
1
1
1
1
1
1
1
1
1
1
1
1
1
1
1
1
1
1
1
1
1
1
1
1
1
1
1
1
0.998132
1.04786
1.1528
1.61846
2.42079
3.39896
4.46794
5.1902
5.94061
6.50672
6.66081
6.67927
6.5479
6.42453
6.40153
6.44583
6.55503
6.63009
6.66723
6.67636
6.6682
6.64331
6.60342
6.56111
6.50899
6.49059
6.50125
6.52173
6.57188
6.68179
6.80303
6.85924
6.874
6.86915
6.76397
6.56428
6.4864
6.48194
6.49401
6.54838
6.68261
6.822
6.86049
6.85901
6.84444
6.81505
6.68033
1
1
1
1
1
1
1
1
1
1
1
1
1
1
1
1
1
1
1
1
1
1
1
1
1
1
1
1
1
1
1
1
1
1
1
1
0.999982
1.00015
1.04254
1.3957
2.02366
2.79371
3.848
4.82022
6.07048
6.35305
6.47501
6.65485
6.67601
6.6497
6.54244
6.53953
6.57865
6.61807
6.62957
6.64436
6.65449
6.65096
6.56504
6.44573
6.4314
6.46052
6.53975
6.68911
6.82538
6.86072
6.85593
6.8296
6.73842
6.57932
6.49759
6.49863
6.55577
6.62573
6.68087
6.75646
6.80442
6.81582
6.79666
6.73142
1
1
1
1
1
1
1
1
1
1
1
1
1
1
1
1
1
1
1
1
1
1
1
1
1
1
1
1
1
1
1
1
1
1
1
1
1
1
0.999998
1
0.998353
1.0147
1.2291
1.62063
2.37477
3.55024
4.54753
5.73061
6.19918
6.24123
6.19456
6.15821
6.20558
6.39226
6.64595
6.7667
6.80718
6.79906
6.74245
6.61584
6.4639
6.42889
6.45285
6.51543
6.59805
6.69386
6.76984
6.79781
6.79125
6.76168
6.71049
6.6794
6.66411
6.644
6.64403
6.64227
6.63904
6.6486
6.6695
6.71195
1
1
1
1
1
1
1
1
1
1
1
1
1
1
1
1
1
1
1
1
1
1
1
1
1
1
1
1
1
1
1
1
1
1
1
1
1
1
1
1
1
1
1
0.99893
1.00397
1.18456
1.51081
2.16117
3.15328
4.40489
5.6871
5.889
6.01103
6.19892
6.42558
6.65588
6.76008
6.77709
6.77134
6.74961
6.6885
6.59349
6.52742
6.49557
6.48417
6.49092
6.51254
6.58456
6.70816
6.8083
6.8535
6.87857
6.87566
6.83148
6.69405
6.5613
6.53024
6.52744
6.54076
6.62452
1
1
1
1
1
1
1
1
1
1
1
1
1
1
1
1
1
1
1
1
1
1
1
1
1
1
1
1
1
1
1
1
1
1
1
1
1
1
1
1
1
1
1
1
1
1
0.999262
1.00074
1.09695
1.35196
2.0519
3.04367
4.29994
5.22934
5.57818
5.97277
6.28701
6.5372
6.65102
6.68048
6.73572
6.7853
6.76632
6.72058
6.62758
6.48359
6.41602
6.42762
6.47774
6.62635
6.8109
6.88496
6.89387
6.88061
6.82229
6.67597
6.53434
6.49382
6.50307
6.59716
1
1
1
1
1
1
1
1
1
1
1
1
1
1
1
1
1
1
1
1
1
1
1
1
1
1
1
1
1
1
1
1
1
1
1
1
1
1
1
1
1
1
1
1
1
1
1
0.999999
1
0.999343
1.00167
1.0764
1.27865
2.02649
3.18821
4.39822
5.20058
5.72261
5.99526
6.16931
6.49131
6.75812
6.84524
6.87582
6.88513
6.78815
6.52495
6.37588
6.38606
6.47066
6.61039
6.71555
6.7739
6.80488
6.80301
6.74028
6.67801
6.63596
6.62877
6.66234
1
1
1
1
1
1
1
1
1
1
1
1
1
1
1
1
1
1
1
1
1
1
1
1
1
1
1
1
1
1
1
1
1
1
1
1
1
1
1
1
1
1
1
1
1
1
1
1
1
1
1
1
0.99936
1.0071
1.10021
1.33391
2.08357
3.38545
4.63245
5.08815
5.61789
6.1654
6.66188
6.83
6.84142
6.81661
6.72349
6.60847
6.54488
6.53849
6.56295
6.57573
6.57153
6.58073
6.61896
6.67782
6.70731
6.7197
6.78432
6.82868
1
1
1
1
1
1
1
1
1
1
1
1
1
1
1
1
1
1
1
1
1
1
1
1
1
1
1
1
1
1
1
1
1
1
1
1
1
1
1
1
1
1
1
1
1
1
1
1
1
1
1
1
1
1
1
0.999237
1.011
1.09234
1.55118
2.53201
3.70637
4.75728
5.50225
6.11111
6.54368
6.64735
6.64942
6.69131
6.80477
6.80182
6.77289
6.6774
6.55346
6.49794
6.50443
6.52281
6.55982
6.67767
6.83226
6.87792
1
1
1
1
1
1
1
1
1
1
1
1
1
1
1
1
1
1
1
1
1
1
1
1
1
1
1
1
1
1
1
1
1
1
1
1
1
1
1
1
1
1
1
1
1
1
1
1
1
1
1
1
1
1
1
1
1
0.999823
0.999748
1.03728
1.17784
1.91704
3.13728
4.42973
5.38091
5.82673
6.02923
6.42061
6.76907
6.844
6.84034
6.81555
6.77805
6.67535
6.56662
6.49562
6.48705
6.53408
6.67126
6.78554
1
1
1
1
1
1
1
1
1
1
1
1
1
1
1
1
1
1
1
1
1
1
1
1
1
1
1
1
1
1
1
1
1
1
1
1
1
1
1
1
1
1
1
1
1
1
1
1
1
1
1
1
1
1
1
1
1
1
1
1
0.999526
1.01011
1.09658
1.49002
2.52261
4.14692
4.94618
5.50247
6.26362
6.67123
6.70368
6.76268
6.81446
6.85252
6.81051
6.68658
6.57923
6.57112
6.62978
6.6783
1
1
1
1
1
1
1
1
1
1
1
1
1
1
1
1
1
1
1
1
1
1
1
1
1
1
1
1
1
1
1
1
1
1
1
1
1
1
1
1
1
1
1
1
1
1
1
1
1
1
1
1
1
1
1
1
1
1
1
1
0.999997
0.999998
0.999796
1.00076
1.03657
1.32007
2.35104
3.58156
4.97637
5.89327
6.07145
6.1593
6.49278
6.75481
6.78786
6.76488
6.76936
6.80705
6.81188
6.69524
1
1
1
1
1
1
1
1
1
1
1
1
1
1
1
1
1
1
1
1
1
1
1
1
1
1
1
1
1
1
1
1
1
1
1
1
1
1
1
1
1
1
1
1
1
1
1
1
1
1
1
1
1
1
1
1
1
1
1
1
1
1
0.999997
0.999996
0.999924
0.999975
1.04415
1.23243
1.87798
3.49026
5.28779
5.61009
5.92765
6.37555
6.54241
6.5599
6.68634
6.85361
6.90468
6.84381
1
1
1
1
1
1
1
1
1
1
1
1
1
1
1
1
1
1
1
1
1
1
1
1
1
1
1
1
1
1
1
1
1
1
1
1
1
1
1
1
1
1
1
1
1
1
1
1
1
1
1
1
1
1
1
1
1
1
1
1
1
1
1
1
0.999997
0.999997
1.00003
0.999862
1.01429
1.16656
2.09974
3.63622
4.83257
6.02576
6.20872
6.11819
6.19032
6.44125
6.75966
6.79348
1
1
1
1
1
1
1
1
1
1
1
1
1
1
1
1
1
1
1
1
1
1
1
1
1
1
1
1
1
1
1
1
1
1
1
1
1
1
1
1
1
1
1
1
1
1
1
1
1
1
1
1
1
1
1
1
1
1
1
1
1
1
1
1
1
1
1
0.999997
0.999983
0.999901
1.03182
1.31851
1.84751
3.15589
5.43161
6.2334
6.2066
6.28813
6.45262
6.53404
1
1
1
1
1
1
1
1
1
1
1
1
1
1
1
1
1
1
1
1
1
1
1
1
1
1
1
1
1
1
1
1
1
1
1
1
1
1
1
1
1
1
1
1
1
1
1
1
1
1
1
1
1
1
1
1
1
1
1
1
1
1
1
1
1
1
1
1
0.999998
0.999996
0.999997
1.00047
1.01577
1.15462
2.20012
4.09831
5.48469
6.4701
6.64319
6.57805
1
1
1
1
1
1
1
1
1
1
1
1
1
1
1
1
1
1
1
1
1
1
1
1
1
1
1
1
1
1
1
1
1
1
1
1
1
1
1
1
1
1
1
1
1
1
1
1
1
1
1
1
1
1
1
1
1
1
1
1
1
1
1
1
1
1
1
1
1
1
1
1
0.999968
1.00018
1.0405
1.67431
2.82564
4.2441
5.89199
6.59623
1
1
1
1
1
1
1
1
1
1
1
1
1
1
1
1
1
1
1
1
1
1
1
1
1
1
1
1
1
1
1
1
1
1
1
1
1
1
1
1
1
1
1
1
1
1
1
1
1
1
1
1
1
1
1
1
1
1
1
1
1
1
1
1
1
1
1
1
1
1
1
1
0.999996
0.999996
0.999957
1.00919
1.14431
1.62559
2.77956
5.26017
1
1
1
1
1
1
1
1
1
1
1
1
1
1
1
1
1
1
1
1
1
1
1
1
1
1
1
1
1
1
1
1
1
1
1
1
1
1
1
1
1
1
1
1
1
1
1
1
1
1
1
1
1
1
1
1
1
1
1
1
1
1
1
1
1
1
1
1
1
1
1
1
1
1
0.999997
0.999993
1.00019
1.00744
1.10901
2.99899
1
1
1
1
1
1
1
1
1
1
1
1
1
1
1
1
1
1
1
1
1
1
1
1
1
1
1
1
1
1
1
1
1
1
1
1
1
1
1
1
1
1
1
1
1
1
1
1
1
1
1
1
1
1
1
1
1
1
1
1
1
1
1
1
1
1
1
1
1
1
1
1
1
1
1
1
0.999999
0.999987
1.00088
1.39546
1
1
1
1
1
1
1
1
1
1
1
1
1
1
1
1
1
1
1
1
1
1
1
1
1
1
1
1
1
1
1
1
1
1
1
1
1
1
1
1
1
1
1
1
1
1
1
1
1
1
1
1
1
1
1
1
1
1
1
1
1
1
1
1
1
1
1
1
1
1
1
1
1
1
1
1
1
0.999998
1
1.0176
1
1
1
1
1
1
1
1
1
1
1
1
1
1
1
1
1
1
1
1
1
1
1
1
1
1
1
1
1
1
1
1
1
1
1
1
1
1
1
1
1
1
1
1
1
1
1
1
1
1
1
1
1
1
1
1
1
1
1
1
1
1
1
1
1
1
1
1
1
1
1
1
1
1
1
1
1
1
1
1.00012
1
1
1
1
1
1
1
1
1
1
1
1
1
1
1
1
1
1
1
1
1
1
1
1
1
1
1
1
1
1
1
1
1
1
1
1
1
1
1
1
1
1
1
1
1
1
1
1
1
1
1
1
1
1
1
1
1
1
1
1
1
1
1
1
1
1
1
1
1
1
1
1
1
1
1
1
1
1
1
1
1
1
1
1
1
1
1
1
1
1
1
1
1
1
1
1
1
1
1
1
1
1
1
1
1
1
1
1
1
1
1
1
1
1
1
1
1
1
1
1
1
1
1
1
1
1
1
1
1
1
1
1
1
1
1
1
1
1
1
1
1
1
1
1
1
1
1
1
1
1
1
1
1
1
1
1
1
1
1
1
1
1
1
1
1
1
1
1
1
1
1
1
1
1
1
1
1
1
1
1
1
1
1
1
1
1
1
1
1
1
1
1
1
1
1
1
1
1
1
1
1
1
1
1
1
1
1
1
1
1
1
1
1
1
1
1
1
1
1
1
1
1
1
1
1
1
1
1
1
1
1
1
1
1
1
1
1
1
1
1
1
1
1
1
1
1
1
1
1
1
1
1
1
1
1
1
1
1
1
1
1
1
1
1
1
1
1
1
1
1
1
1
1
1
1
1
1
1
1
1
1
1
1
1
1
1
1
1
1
1
1
1
1
1
1
1
1
1
1
1
1
1
1
1
1
1
1
1
1
1
1
1
1
1
1
1
1
1
1
1
1
1
1
1
1
1
1
1
1
1
1
1
1
1
1
1
1
1
1
1
1
1
1
1
1
1
1
1
1
1
1
1
1
1
1
1
1
1
1
1
1
1
1
1
1
1
1
1
1
1
1
1
1
1
1
1
1
1
1
1
1
1
1
1
1
1
1
1
1
1
1
1
1
1
1
1
1
1
1
1
1
1
1
1
1
1
1
1
1
1
1
1
1
1
1
1
1
1
1
1
1
1
1
1
1
1
1
1
1
1
1
1
1
1
1
1
1
1
1
1
1
1
1
1
1
1
1
1
1
1
1
1
1
1
1
1
1
1
1
1
1
1
1
1
1
1
1
1
1
1
1
1
1
1
1
1
1
1
1
1
1
1
1
1
1
1
1
1
1
1
1
1
1
1
1
1
1
1
1
1
1
1
1
1
1
1
1
1
1
1
1
1
1
1
1
1
1
1
1
1
1
1
1
1
1
1
1
1
1
1
1
1
1
1
1
1
1
1
1
1
1
1
1
1
1
1
1
1
1
1
1
1
1
1
1
1
1
1
1
1
1
1
1
1
1
1
1
1
1
1
1
1
1
1
1
1
1
1
1
1
1
1
1
1
1
1
1
1
1
1
1
1
1
1
1
1
1
1
1
1
1
1
1
1
1
1
1
1
1
1
1
1
1
1
1
1
1
1
1
1
1
1
1
1
1
1
1
1
1
1
1
1
1
1
1
1
1
1
1
1
1
1
1
1
1
1
1
1
1
1
1
1
1
1
1
1
1
1
1
1
1
1
1
1
1
1
1
1
1
1
1
1
1
1
1
1
1
1
1
1
1
1
1
1
1
1
1
1
1
1
1
1
1
1
1
1
1
1
1
1
1
1
1
1
1
1
1
1
1
1
1
1
1
1
1
1
1
1
1
1
1
1
1
1
1
1
1
1
1
1
1
1
1
1
1
1
1
1
1
1
1
1
1
1
1
1
1
1
1
1
1
1
1
1
1
1
1
1
1
1
1
1
1
1
1
1
1
1
1
1
1
1
1
1
1
1
1
1
1
1
1
1
1
1
1
1
1
1
1
1
1
1
1
1
1
1
1
1
1
1
1
1
1
1
1
1
1
1
1
1
1
1
1
1
1
1
1
1
1
1
1
1
1
1
1
1
1
1
1
1
1
1
1
1
1
1
1
1
1
1
1
1
1
1
1
1
1
1
1
1
1
1
1
1
1
1
1
1
1
1
1
1
1
1
1
1
1
1
1
1
1
1
1
1
1
1
1
1
1
1
1
1
1
1
1
1
1
1
1
1
1
1
1
1
1
1
1
1
1
1
1
1
1
1
1
1
1
1
1
1
1
1
1
1
1
1
1
1
1
1
1
1
1
1
1
1
1
1
1
1
1
1
1
1
1
1
1
1
1
1
1
1
1
1
1
1
1
1
1
1
1
1
1
1
1
1
1
1
1
1
)
;

boundaryField
{
    inlet
    {
        type            fixedValue;
        value           uniform 1;
    }
    outlet
    {
        type            zeroGradient;
    }
    bottom
    {
        type            symmetryPlane;
    }
    top
    {
        type            symmetryPlane;
    }
    obstacle
    {
        type            zeroGradient;
    }
    defaultFaces
    {
        type            empty;
    }
}


// ************************************************************************* //
