/*--------------------------------*- C++ -*----------------------------------*\
| =========                 |                                                 |
| \\      /  F ield         | OpenFOAM: The Open Source CFD Toolbox           |
|  \\    /   O peration     | Version:  2206                                  |
|   \\  /    A nd           | Website:  www.openfoam.com                      |
|    \\/     M anipulation  |                                                 |
\*---------------------------------------------------------------------------*/
FoamFile
{
    version     2.0;
    format      ascii;
    arch        "LSB;label=32;scalar=64";
    class       volScalarField;
    location    "0.12";
    object      T;
}
// * * * * * * * * * * * * * * * * * * * * * * * * * * * * * * * * * * * * * //

dimensions      [0 0 0 1 0 0 0];

internalField   nonuniform List<scalar> 
4800
(
1
1
1
1
1
1
1
1
1
1
1
1
1
1
1
1
1
1
1
1
1
1
1
1
1
1
1
1
1
1
1
1
1
1
1
1
1
1
1
1
1
1
1
1
1
1
1
1
1
1
1
1
1
1
1
1
1
1
1
1
1
1
1
1
1
1
1
1
1
1
1
1
1
1
1
1
1
1
1
1
1
1
1
1
1
1
1
1
1
1
1
1
1
1
1
1
1
1
1
1
1
1
1
1
1
1
1
1
1
1
1
1
1
1
1
1
1
1
1
1
1
1
1
1
1
1
1
1
1
1
1
1
1
1
1
1
1
1
1
1
1
1
1
1
1
1
1
1
1
1
1
1
1
1
1
1
1
1
1
1
1
1
1
1
1
1
1
1
1
1
1
1
1
1
1
1
1
1
1
1
1
1
1
1
1
1
1
1
1
1
1
1
1
1
1
1
1
1
1
1
1
1
1
1
1
1
1
1
1
1
1
1
1
1
1
1
1
1
1
1
1
1
1
1
1
1
1
1
1
1
1
1
1
1
1
1
1
1
1
1
1
1
1
1
1
1
1
1
1
1
1
1
1
1
1
1
1
1
1
1
1
1
1
1
1
1
1
1
1
1
1
1
1
1
1
1
1
1
1
1
1
1
1
1
1
1
1
1
1
1
1
1
1
1
1
1
1
1
1
1
1
1
1
1
1
1
1
1
1
1
1
1
1
1
1
1
1
1
1
1
1
1
1
1
1
1
1
1
1
1
1
1
1
1
1
1
1
1
1
1
1
1
1
1
1
1
1
1
1
1
1
1
1
1
1
1
1
1
1
1
1
1
1
1
1
1
1
1
1
1
1
1
1
1
1
1
1
1
1
1
1
1
1
1
1
1
1
1
1
1
1
1
1
1
1
1
1
1
1
1
1
1
1
1
1
1
1
1
1
1
1
1
1
1
1
1
1
1
1
1
1
1
1
1
1
1
1
1
1
1
1
1
1
1
1
1
1
1
1
1
1
1
1
1
1
1
1
1
1
1
1
1
1
1
1
1
1
1
1
1
1
1
1
1
1
1
1
1
1
1
1
1
1
1
1
1
1
1
1
1
1
1
1
1
1
1
1
1
1
1
1
1
1
1
1
1
1
1
1
1
1
1
1
1
1
1
1
1
1
1
1
1
1
1
1
1
1
1
1
1
1
1
1
1
1
1
1
1
1
1
1
1
1
1
1
1
1
1
1
1
1
1
1
1
1
1
1
1
1
1
1
1
1
1
1
1
1
1
1
1
1
1
1
1
1
1
1
1
1
1
1
1
1
1
1
1
1
1
1
1
1
1
1
1
1
1
1
1
1
1
1
1
1
1
1
1
1
1
1
1
1
1
1
1
1
1
1
1
1
1
1
1
1
1
1
1
1
1
1
1
1
1
1
1
1
1
1
1
1
1
1
1
1
1
1
1
1
1
1
1
1
1
1
1
1
1
1
1
1
1
1
1
1
1
1
1
1
1
1
1
1
1
1
1
1
1
1
1
1
1
1
1
1
1
1
1
1
1
1
1
1
1
1
1
1
1
1
1
1
1
1
1
1
1
1
1
1
1
1
1
1
1
1
1
1
1
1
1
1
1
1
1
1
1
1
1
1
1
1
1
1
1
1
1
1
1
1
1
1
1
1
1
1
1
1
1
1
1
1
1
1
1
1
1
1
1
1
1
1
1
1
1
1
1
1
1
1
1
1
1
1
1
1
1
1
1
1
1
1
1
1
1
1
1
1
1
1
1
1
1
1
1
1
1
1
1
1
1
1
1
1
1
1
1
1
1
1
1
1
1
1
1
1
1
1
1
1
1
1
1
1
1
1
1
1
1
1
1
1
1
1
1
1
1
1
1
1
1
1
1
1
1
1
1
1
1
1
1
1
1
1
1
1
1
1
1
1
1
1
1
1
1
1
1
1
1
1
1
1
1
1
1
1
1
1
1
1
1
1
1
1
1
1
1
1
1
1
1
1
1
1
1
1
1
1
1
1
1
1
1
1
1
1
1
1
1
1
1
1
1
1
1
1
1
1
1
1
1
1
1
1
1
1
1
1
1
1
1
1
1
1
1
1
1
1
1
1
1
1
1
1
1
1
1
1
1
1
1
1
1
1
1
1
1
1
1
1
1
1
1
1
1
1
1
1
1
1
1
1
1
1
1
1
1
1
1
1
1
1
1
1
1
1
1
1
1
1
1
1
1
1
1
1
1
1
1
1
1
1
1
1
1
1
1
1
1
1
1
1
1
1
1
1
1
1
1
1
1
1
1
1
1
1
1
1
1
1
1
1
1
1
1
1
1
1
1
1
1
1
1
1
1
1
1
1
1
1
1
1
1
1
1
1
1
1
1
1
1
1
1
1
1
1
1
1
1
1
1
1
1
1
1
1
1
1
1
1
1
1
1
1
1
1
1
1
1
1
1
1
1
1
1
1
1
1
1
1
1
1
1
1
1
1
1
1
1
1
1
1
1
1
1
1
1
1
1
1
1
1
1
1
1
1
1
1
1
1
1
1
1
1
1
1
1
1
1
1
1
1
1
1
1
1
1
1
1
1
1
1
1
1
1
1
1
1
1
1
1
1
1
1
1
1
1
1
1
1
1
1
1
1
1
1
1
1
1
1
1
1
1
1
1
1
1
1
1
1
1
1
1
1
1
1
1
1
1
1
1
1
1
1
1
1
1
1
1
1
1
1
1
1
1
1
1
1
1
1
1
1
1
1
1
1
1
1
1
1
1
1
1
1
1
1
1
1
1
1
1
1
1
1
1
1
1
1
1
1
1
1
1
1
1
1
1
1
1
1
1
1
1
1
1
1
1
1
1
1
1
1
1
1
1
1
1
1
1
1
1
1
1
1
1
1
1
1
1
1
1
1
1
1
1
1
1
1
1
1
1
1
1
1
1
1
1
1
1
1
1
1
1
1
1
1
1
1
1
1
1
1
1
1
1
1
1
1
1
1
1
1
1
1
1
1
1
1
1
1
1
1
1
1
1
1
1
1
1
1
1
1
1
1
1
1
1
1
1
1
1
1
1
1
1
1
1
1
1
1
1
1
1
1
1
1
1
1
1
1
1
1
1
1
1
1
1
1
1
1
1
1
1
1
1
1
1
1
1
1
1
1
1
1
1
1
1
1
1
1
1
1
1
1
1
1
1
1
1
1
1
1
1
1
1
1
1
1
1
1
1
1
1
1
1
1
1
1
1
1
1
1
1
1
1
1
1
1
1
1
1
1
1
1
1
1
1
1
1
1
1
1
1
1
1
1
1
1
1
1
1
1
1
1
1
1
1
1
1
1
1
1
1
1
1
1
1
1
1
1
1
1
1
1
1
1
1
1
1
1
1
1
1
1
1
1
1
1
1
1
1
1
1
1
1
1
1
1
1
1
1
1
1
1
1
1
1
1
1
1
1
1
1
1
1
1
1
1
1
1
1
1
1
1
1
1
1
1
1
1
1
1
1
1
1
1
1
1
1
1
1
1
1
1
1
1
1
1
1
1
1
1
1
1
1
1
1
1
1
1
1
1
1
1
1
1
1
1
1
1
1
1
1
1
1
1
1
1
1
1
1
1
1
1
1
1
1
1
1
1
1
1
1
1.06909
1.15935
1.25588
1.35851
1.45603
1.53297
1.62223
1.75222
1.85676
1.91097
1.96161
2.053
2.16152
2.19467
2.19857
2.21802
2.23791
2.23349
2.21211
2.18651
2.1603
2.12224
2.06725
1.99452
1.96454
1.95732
1.94272
1.9216
1.92388
1.93419
1.94541
1.95279
1.95762
1.96392
1.97429
1.98858
1.99262
1.99137
1.98824
1.98813
1.98978
1.99293
1.99631
2.00098
2.00607
2.00921
2.01032
2.0103
2.00808
2.00106
1.99296
1.99109
1.99293
2.00337
2.01704
2.02154
2.02101
2.01661
2.00917
2.00118
1.99587
1.99434
1.99525
2.00107
2.01217
2.02106
2.02533
2.02588
2.02435
2.01908
2.01013
1.99964
1.99471
1.99463
1.99765
2.00545
2.01752
2.02638
2.02953
2.02862
1
1
1
0.999473
1.00049
1.02674
1.0228
1.03459
1.14457
1.28049
1.34165
1.41527
1.54016
1.66498
1.69615
1.73382
1.80456
1.85511
1.8937
1.9274
1.95424
1.97987
1.99622
2.02074
2.0477
2.06223
2.06021
2.04858
2.02961
2.02214
2.0136
2.00649
1.99241
1.98482
1.98679
1.99084
1.99424
1.99383
1.99417
1.99638
2.00036
2.00382
2.00451
2.00464
2.00572
2.00953
2.01435
2.0159
2.01508
2.01243
2.01037
2.00769
2.00734
2.00898
2.0107
2.01489
2.01815
2.01841
2.01646
2.01458
2.01383
2.01276
2.01229
2.01252
2.01286
2.01319
2.01635
2.02061
2.02212
2.0209
2.01705
2.015
2.01313
2.0127
2.01542
2.01848
2.01913
2.01886
2.01912
2.0196
1
1
1
1
0.999998
1
1
1
1
1
1
0.999854
0.998941
1.02128
1.06217
1.11338
1.27112
1.46073
1.58989
1.73814
1.88344
2.05155
2.093
2.13952
2.17097
2.1682
2.15972
2.14598
2.12627
2.10687
2.08885
2.05753
2.02801
2.01518
2.01669
2.01788
2.01771
2.01843
2.0207
2.02491
2.03293
2.03463
2.0337
2.02909
2.02449
2.02425
2.0257
2.03022
2.03616
2.03787
2.03739
2.03613
2.0335
2.02929
2.0256
2.02403
2.02426
2.02913
2.03595
2.03791
2.03772
2.0363
2.03396
2.03128
2.0267
2.02309
2.0214
2.0211
2.02425
2.03195
2.03618
2.03648
2.03581
2.03523
2.03475
2.03389
2.03094
2.02528
2.01974
2.01788
1
1
1
1
1
1
1
1
1
1
1
1
1
1
1
1
1
0.999358
1.00174
1.05299
1.1705
1.41164
1.68221
1.83429
1.98747
2.05555
2.08956
2.11774
2.11149
2.1066
2.10397
2.11109
2.10802
2.10162
2.09876
2.09348
2.07883
2.07148
2.07049
2.06939
2.06967
2.06674
2.05698
2.04447
2.03719
2.03778
2.04238
2.05136
2.06377
2.07126
2.07246
2.07182
2.06599
2.05492
2.0453
2.04173
2.04148
2.04407
2.0539
2.06325
2.06547
2.06525
2.06262
2.05682
2.04792
2.03888
2.0352
2.03489
2.03657
2.04212
2.05113
2.05715
2.0586
2.05785
2.05549
2.05181
2.04491
2.03708
2.02994
2.02902
1
1
1
1
1
1
1
1
1
1
1
1
1
1
1
1
1
1
1
1
1
0.999276
1.01135
1.0594
1.20184
1.49758
1.69212
1.83351
1.9407
2.03392
2.13785
2.17526
2.18514
2.18289
2.1729
2.1575
2.13413
2.113
2.0913
2.09009
2.09497
2.09606
2.09011
2.07645
2.06386
2.06227
2.0649
2.07188
2.08227
2.09169
2.094
2.09322
2.08821
2.0793
2.06977
2.06665
2.06644
2.06786
2.07324
2.08128
2.08618
2.08751
2.08656
2.08014
2.06939
2.06026
2.05702
2.05717
2.05779
2.05885
2.06252
2.06886
2.0737
2.07528
2.0743
2.06846
2.061
2.05521
2.05044
2.04952
1
1
1
1
1
1
1
1
1
1
1
1
1
1
1
1
1
1
1
1
1
1
1
1
1
0.999202
1.00723
1.05339
1.24259
1.45387
1.66535
1.84985
1.97063
2.08815
2.10294
2.10732
2.09958
2.08299
2.09024
2.10452
2.11914
2.12595
2.12529
2.11757
2.10213
2.09115
2.08696
2.08451
2.08231
2.08485
2.08707
2.0883
2.09022
2.09102
2.09332
2.09317
2.09169
2.09195
2.09253
2.09165
2.09041
2.08984
2.09103
2.09203
2.09141
2.08933
2.08454
2.08366
2.08288
2.08223
2.08232
2.08185
2.07987
2.07906
2.07913
2.08001
2.08059
2.07977
2.07718
2.07411
1
1
1
1
1
1
1
1
1
1
1
1
1
1
1
1
1
1
1
1
1
1
1
1
1
1
1
1
1
0.999178
1.01334
1.13585
1.28344
1.48918
1.69545
1.85646
1.98193
2.03558
2.08069
2.12396
2.12624
2.12691
2.1278
2.1248
2.11713
2.10496
2.09685
2.08785
2.08137
2.07942
2.07959
2.08075
2.08642
2.09792
2.10768
2.11213
2.11278
2.11089
2.10304
2.09275
2.08647
2.08493
2.08645
2.09487
2.10318
2.10733
2.10913
2.10919
2.10722
2.10238
2.09435
2.08458
2.08014
2.07988
2.08111
2.08538
2.09127
2.095
2.09649
2.09561
1
1
1
1
1
1
1
1
1
1
1
1
1
1
1
1
1
1
1
1
1
1
1
1
1
1
1
1
1
1
1
1
0.999868
0.998989
1.04241
1.12417
1.30531
1.5774
1.77768
1.92355
1.96802
2.0105
2.0483
2.06732
2.08095
2.09591
2.10977
2.10625
2.09253
2.07579
2.07143
2.07373
2.07994
2.0892
2.09948
2.10549
2.10945
2.10992
2.10177
2.08583
2.07942
2.07998
2.08392
2.09167
2.10402
2.11114
2.11323
2.1139
2.11313
2.10683
2.09625
2.08868
2.08533
2.08579
2.08836
2.08993
2.09046
2.09402
2.10117
2.10524
1
1
1
1
1
1
1
1
1
1
1
1
1
1
1
1
1
1
1
1
1
1
1
1
1
1
1
1
1
1
1
1
1
1
1
1
0.999371
1.0145
1.06801
1.23243
1.47357
1.62077
1.76041
1.87466
1.97528
2.06
2.09386
2.09474
2.09055
2.0785
2.06611
2.06438
2.06667
2.06658
2.0686
2.08425
2.09677
2.09958
2.09907
2.09049
2.08002
2.07807
2.07984
2.08562
2.09189
2.09726
2.10165
2.10563
2.10713
2.10612
2.10442
2.10276
2.09871
2.09632
2.09581
2.09434
2.09417
2.09549
2.09757
2.09986
1
1
1
1
1
1
1
1
1
1
1
1
1
1
1
1
1
1
1
1
1
1
1
1
1
1
1
1
1
1
1
1
1
1
1
1
1
1
1
0.99978
1.00212
1.01352
1.10997
1.36542
1.56808
1.7185
1.82433
1.96076
2.04177
2.05242
2.04799
2.0573
2.05139
2.04146
2.04387
2.05493
2.0714
2.08311
2.08271
2.07978
2.08119
2.08615
2.0884
2.08577
2.08078
2.07975
2.08003
2.08127
2.08504
2.09206
2.0968
2.09796
2.10209
2.10822
2.10879
2.10654
2.09865
2.09129
2.09017
2.09047
1
1
1
1
1
1
1
1
1
1
1
1
1
1
1
1
1
1
1
1
1
1
1
1
1
1
1
1
1
1
1
1
1
1
1
1
1
1
1
1
1
1
1
0.999479
1.01176
1.10328
1.25839
1.45082
1.68512
1.8205
1.94652
2.0053
2.02741
2.02916
2.03033
2.03124
2.03852
2.04847
2.06105
2.06691
2.07255
2.07982
2.08626
2.08727
2.0834
2.06923
2.06162
2.06242
2.06542
2.0707
2.07628
2.08526
2.09705
2.10453
2.1059
2.1047
2.10061
2.09219
2.08512
2.08358
1
1
1
1
1
1
1
1
1
1
1
1
1
1
1
1
1
1
1
1
1
1
1
1
1
1
1
1
1
1
1
1
1
1
1
1
1
1
1
1
1
1
1
1
1
1
0.999499
1.0024
1.0875
1.26299
1.43093
1.60948
1.80281
1.99161
2.0152
2.0072
2.00667
2.0054
2.00499
2.01737
2.03855
2.06306
2.07495
2.07453
2.07128
2.06718
2.06131
2.05618
2.05441
2.05509
2.06041
2.06674
2.07552
2.08534
2.09213
2.09284
2.08878
2.08798
2.08948
2.08767
1
1
1
1
1
1
1
1
1
1
1
1
1
1
1
1
1
1
1
1
1
1
1
1
1
1
1
1
1
1
1
1
1
1
1
1
1
1
1
1
1
1
1
1
1
1
1
1
1
0.999484
1.00309
1.06099
1.21193
1.51333
1.70506
1.84654
1.9255
1.96664
1.97575
1.98482
1.99387
2.0164
2.04537
2.05428
2.05479
2.05588
2.05621
2.06049
2.0628
2.05963
2.0553
2.05416
2.05562
2.0605
2.06226
2.06326
2.06603
2.07407
2.08038
2.08448
1
1
1
1
1
1
1
1
1
1
1
1
1
1
1
1
1
1
1
1
1
1
1
1
1
1
1
1
1
1
1
1
1
1
1
1
1
1
1
1
1
1
1
1
1
1
1
1
1
1
1
1
0.999485
1.0134
1.12438
1.25019
1.43464
1.6515
1.92139
1.98652
1.98012
1.9839
1.99746
2.00822
2.00567
2.01494
2.03534
2.05276
2.05737
2.05576
2.05463
2.05423
2.0517
2.04817
2.04494
2.04506
2.04647
2.05115
2.0644
2.076
1
1
1
1
1
1
1
1
1
1
1
1
1
1
1
1
1
1
1
1
1
1
1
1
1
1
1
1
1
1
1
1
1
1
1
1
1
1
1
1
1
1
1
1
1
1
1
1
1
1
1
1
1
1
0.999997
0.999493
1.00961
1.08313
1.3655
1.65037
1.80588
1.89163
1.95351
1.97444
1.97032
1.97145
1.99433
2.02794
2.04377
2.04359
2.04439
2.04838
2.0557
2.05965
2.05324
2.03948
2.03375
2.03527
2.04498
2.05455
1
1
1
1
1
1
1
1
1
1
1
1
1
1
1
1
1
1
1
1
1
1
1
1
1
1
1
1
1
1
1
1
1
1
1
1
1
1
1
1
1
1
1
1
1
1
1
1
1
1
1
1
1
1
1
1
1
0.999774
1.00254
1.08709
1.22876
1.37634
1.60552
1.8769
1.99092
1.98307
1.98911
2.00542
2.01243
2.00405
2.00123
2.01861
2.04563
2.05103
2.04683
2.04071
2.03891
2.04033
2.03939
2.03948
1
1
1
1
1
1
1
1
1
1
1
1
1
1
1
1
1
1
1
1
1
1
1
1
1
1
1
1
1
1
1
1
1
1
1
1
1
1
1
1
1
1
1
1
1
1
1
1
1
1
1
1
1
1
1
1
1
1
0.999998
1.00001
0.999849
1.00574
1.05778
1.32516
1.68206
1.85907
1.93137
1.9905
1.99633
1.99154
1.97771
1.98938
2.01624
2.03042
2.03233
2.03222
2.03536
2.0436
2.0529
2.0503
1
1
1
1
1
1
1
1
1
1
1
1
1
1
1
1
1
1
1
1
1
1
1
1
1
1
1
1
1
1
1
1
1
1
1
1
1
1
1
1
1
1
1
1
1
1
1
1
1
1
1
1
1
1
1
1
1
1
1
1
0.999999
0.999999
0.999871
1.00401
1.12359
1.35358
1.51101
1.72086
1.93633
2.00682
2.00397
2.02243
2.02199
2.01335
2.00599
1.99986
2.00926
2.03753
2.05396
2.05082
1
1
1
1
1
1
1
1
1
1
1
1
1
1
1
1
1
1
1
1
1
1
1
1
1
1
1
1
1
1
1
1
1
1
1
1
1
1
1
1
1
1
1
1
1
1
1
1
1
1
1
1
1
1
1
1
1
1
1
1
1
1
0.999999
0.999988
1.00003
1.00344
1.03675
1.1403
1.4455
1.77384
1.94039
2.00913
2.01728
2.01362
2.0073
1.99596
1.99687
2.01519
2.03045
2.0382
1
1
1
1
1
1
1
1
1
1
1
1
1
1
1
1
1
1
1
1
1
1
1
1
1
1
1
1
1
1
1
1
1
1
1
1
1
1
1
1
1
1
1
1
1
1
1
1
1
1
1
1
1
1
1
1
1
1
1
1
1
1
1
1
1
1
0.999981
1.00005
1.02139
1.28684
1.57031
1.70914
1.88922
2.00317
2.02464
2.02422
2.02811
2.02362
2.01442
2.01167
1
1
1
1
1
1
1
1
1
1
1
1
1
1
1
1
1
1
1
1
1
1
1
1
1
1
1
1
1
1
1
1
1
1
1
1
1
1
1
1
1
1
1
1
1
1
1
1
1
1
1
1
1
1
1
1
1
1
1
1
1
1
1
1
1
1
0.999999
0.999999
0.999956
1.00403
1.05202
1.21518
1.43325
1.76205
1.90972
2.00859
2.03526
2.03519
2.02083
1.99834
1
1
1
1
1
1
1
1
1
1
1
1
1
1
1
1
1
1
1
1
1
1
1
1
1
1
1
1
1
1
1
1
1
1
1
1
1
1
1
1
1
1
1
1
1
1
1
1
1
1
1
1
1
1
1
1
1
1
1
1
1
1
1
1
1
1
1
1
0.999998
1
0.999975
1.00165
1.01823
1.20912
1.63876
1.84386
1.9625
2.0147
2.00837
2.00674
1
1
1
1
1
1
1
1
1
1
1
1
1
1
1
1
1
1
1
1
1
1
1
1
1
1
1
1
1
1
1
1
1
1
1
1
1
1
1
1
1
1
1
1
1
1
1
1
1
1
1
1
1
1
1
1
1
1
1
1
1
1
1
1
1
1
1
1
1
1
0.999999
0.999999
0.999975
1.00288
1.12257
1.37691
1.60781
1.83207
1.98241
2.0298
1
1
1
1
1
1
1
1
1
1
1
1
1
1
1
1
1
1
1
1
1
1
1
1
1
1
1
1
1
1
1
1
1
1
1
1
1
1
1
1
1
1
1
1
1
1
1
1
1
1
1
1
1
1
1
1
1
1
1
1
1
1
1
1
1
1
1
1
1
1
1
1
0.999999
0.999989
1.00061
1.01247
1.11327
1.33483
1.68155
1.97333
1
1
1
1
1
1
1
1
1
1
1
1
1
1
1
1
1
1
1
1
1
1
1
1
1
1
1
1
1
1
1
1
1
1
1
1
1
1
1
1
1
1
1
1
1
1
1
1
1
1
1
1
1
1
1
1
1
1
1
1
1
1
1
1
1
1
1
1
1
1
1
1
1
0.999999
0.999999
0.999985
1.00042
1.01264
1.17324
1.78805
1
1
1
1
1
1
1
1
1
1
1
1
1
1
1
1
1
1
1
1
1
1
1
1
1
1
1
1
1
1
1
1
1
1
1
1
1
1
1
1
1
1
1
1
1
1
1
1
1
1
1
1
1
1
1
1
1
1
1
1
1
1
1
1
1
1
1
1
1
1
1
1
1
1
1
0.999999
0.999998
1
1.00315
1.32135
1
1
1
1
1
1
1
1
1
1
1
1
1
1
1
1
1
1
1
1
1
1
1
1
1
1
1
1
1
1
1
1
1
1
1
1
1
1
1
1
1
1
1
1
1
1
1
1
1
1
1
1
1
1
1
1
1
1
1
1
1
1
1
1
1
1
1
1
1
1
1
1
1
1
1
1
1
1
1.00001
1.02071
1
1
1
1
1
1
1
1
1
1
1
1
1
1
1
1
1
1
1
1
1
1
1
1
1
1
1
1
1
1
1
1
1
1
1
1
1
1
1
1
1
1
1
1
1
1
1
1
1
1
1
1
1
1
1
1
1
1
1
1
1
1
1
1
1
1
1
1
1
1
1
1
1
1
1
1
1
1
1
1.00018
1
1
1
1
1
1
1
1
1
1
1
1
1
1
1
1
1
1
1
1
1
1
1
1
1
1
1
1
1
1
1
1
1
1
1
1
1
1
1
1
1
1
1
1
1
1
1
1
1
1
1
1
1
1
1
1
1
1
1
1
1
1
1
1
1
1
1
1
1
1
1
1
1
1
1
1
1
1
1
1
1
1
1
1
1
1
1
1
1
1
1
1
1
1
1
1
1
1
1
1
1
1
1
1
1
1
1
1
1
1
1
1
1
1
1
1
1
1
1
1
1
1
1
1
1
1
1
1
1
1
1
1
1
1
1
1
1
1
1
1
1
1
1
1
1
1
1
1
1
1
1
1
1
1
1
1
1
1
1
1
1
1
1
1
1
1
1
1
1
1
1
1
1
1
1
1
1
1
1
1
1
1
1
1
1
1
1
1
1
1
1
1
1
1
1
1
1
1
1
1
1
1
1
1
1
1
1
1
1
1
1
1
1
1
1
1
1
1
1
1
1
1
1
1
1
1
1
1
1
1
1
1
1
1
1
1
1
1
1
1
1
1
1
1
1
1
1
1
1
1
1
1
1
1
1
1
1
1
1
1
1
1
1
1
1
1
1
1
1
1
1
1
1
1
1
1
1
1
1
1
1
1
1
1
1
1
1
1
1
1
1
1
1
1
1
1
1
1
1
1
1
1
1
1
1
1
1
1
1
1
1
1
1
1
1
1
1
1
1
1
1
1
1
1
1
1
1
1
1
1
1
1
1
1
1
1
1
1
1
1
1
1
1
1
1
1
1
1
1
1
1
1
1
1
1
1
1
1
1
1
1
1
1
1
1
1
1
1
1
1
1
1
1
1
1
1
1
1
1
1
1
1
1
1
1
1
1
1
1
1
1
1
1
1
1
1
1
1
1
1
1
1
1
1
1
1
1
1
1
1
1
1
1
1
1
1
1
1
1
1
1
1
1
1
1
1
1
1
1
1
1
1
1
1
1
1
1
1
1
1
1
1
1
1
1
1
1
1
1
1
1
1
1
1
1
1
1
1
1
1
1
1
1
1
1
1
1
1
1
1
1
1
1
1
1
1
1
1
1
1
1
1
1
1
1
1
1
1
1
1
1
1
1
1
1
1
1
1
1
1
1
1
1
1
1
1
1
1
1
1
1
1
1
1
1
1
1
1
1
1
1
1
1
1
1
1
1
1
1
1
1
1
1
1
1
1
1
1
1
1
1
1
1
1
1
1
1
1
1
1
1
1
1
1
1
1
1
1
1
1
1
1
1
1
1
1
1
1
1
1
1
1
1
1
1
1
1
1
1
1
1
1
1
1
1
1
1
1
1
1
1
1
1
1
1
1
1
1
1
1
1
1
1
1
1
1
1
1
1
1
1
1
1
1
1
1
1
1
1
1
1
1
1
1
1
1
1
1
1
1
1
1
1
1
1
1
1
1
1
1
1
1
1
1
1
1
1
1
1
1
1
1
1
1
1
1
1
1
1
1
1
1
1
1
1
1
1
1
1
1
1
1
1
1
1
1
1
1
1
1
1
1
1
1
1
1
1
1
1
1
1
1
1
1
1
1
1
1
1
1
1
1
1
1
1
1
1
1
1
1
1
1
1
1
1
1
1
1
1
1
1
1
1
1
1
1
1
1
1
1
1
1
1
1
1
1
1
1
1
1
1
1
1
1
1
1
1
1
1
1
1
1
1
1
1
1
1
1
1
1
1
1
1
1
1
1
1
1
1
1
1
1
1
1
1
1
1
1
1
1
1
1
1
1
1
1
1
1
1
1
1
1
1
1
1
1
1
1
1
1
1
1
1
1
1
1
1
1
1
1
1
1
1
1
1
1
1
1
1
1
1
1
1
1
1
1
1
1
1
1
1
1
1
1
1
1
1
1
1
1
1
1
1
1
1
1
1
1
1
1
1
1
1
1
1
1
1
1
1
1
1
1
1
1
1
1
1
1
1
1
1
1
1
1
1
1
1
1
1
1
1
1
1
1
1
1
1
1
1
1
1
1
1
1
1
1
1
1
1
1
1
1
1
1
1
1
1
1
1
1
1
1
1
1
1
1
1
1
1
1
1
1
1
1
1
1
1
1
1
1
1
1
1
1
1
1
1
1
1
1
1
1
1
1
1
1
1
1
1
1
1
1
1
1
1
1
1
1
1
1
)
;

boundaryField
{
    inlet
    {
        type            fixedValue;
        value           uniform 1;
    }
    outlet
    {
        type            zeroGradient;
    }
    bottom
    {
        type            symmetryPlane;
    }
    top
    {
        type            symmetryPlane;
    }
    obstacle
    {
        type            zeroGradient;
    }
    defaultFaces
    {
        type            empty;
    }
}


// ************************************************************************* //
