/*--------------------------------*- C++ -*----------------------------------*\
| =========                 |                                                 |
| \\      /  F ield         | OpenFOAM: The Open Source CFD Toolbox           |
|  \\    /   O peration     | Version:  2206                                  |
|   \\  /    A nd           | Website:  www.openfoam.com                      |
|    \\/     M anipulation  |                                                 |
\*---------------------------------------------------------------------------*/
FoamFile
{
    version     2.0;
    format      ascii;
    arch        "LSB;label=32;scalar=64";
    class       volScalarField;
    location    "0.2";
    object      p;
}
// * * * * * * * * * * * * * * * * * * * * * * * * * * * * * * * * * * * * * //

dimensions      [1 -1 -2 0 0 0 0];

internalField   nonuniform List<scalar> 
4800
(
1
1
1
1
1
1
1
1
1
1
1
1
1
1
1
1
1
1
1
1
1
1
1
1
1
1
1
1
1
1
1
1
1
1
1
1
1
1
1
1
1
1
1
1
1
1
1
1
1
1
1
1
1
1
1
1
1
1
1
1
1
1
1
1
1
1
1
1
1
1
1
1
1
1
1
1
1
1
1
1
1
1
1
1
1
1
1
1
1
1
1
1
1
1
1
1
1
1
1
1
1
1
1
1
1
1
1
1
1
1
1
1
1
1
1
1
1
1
1
1
1
1
1
1
1
1
1
1
1
1
1
1
1
1
1
1
1
1
1
1
1
1
1
1
1
1
1
1
1
1
1
1
1
1
1
1
1
1
1
1
1
1
1
1
1
1
1
1
1
1
1
1
1
1
1
1
1
1
1
1
1
1
1
1
1
1
1
1
1
1
1
1
1
1
1
1
1
1
1
1
1
1
1
1
1
1
1
1
1
1
1
1
1
1
1
1
1
1
1
1
1
1
1
1
1
1
1
1
1
1
1
1
1
1
1
1
1
1
1
1
1
1
1
1
1
1
1
1
1
1
1
1
1
1
1
1
1
1
1
1
1
1
1
1
1
1
1
1
1
1
1
1
1
1
1
1
1
1
1
1
1
1
1
1
1
1
1
1
1
1
1
1
1
1
1
1
1
1
1
1
1
1
1
1
1
1
1
1
1
1
1
1
1
1
1
1
1
1
1
1
1
1
1
1
1
1
1
1
1
1
1
1
1
1
1
1
1
1
1
1
1
1
1
1
1
1
1
1
1
1
1
1
1
1
1
1
1
1
1
1
1
1
1
1
1
1
1
1
1
1
1
1
1
1
1
1
1
1
1
1
1
1
1
1
1
1
1
1
1
1
1
1
1
1
1
1
1
1
1
1
1
1
1
1
1
1
1
1
1
1
1
1
1
1
1
1
1
1
1
1
1
1
1
1
1
1
1
1
1
1
1
1
1
1
1
1
1
1
1
1
1
1
1
1
1
1
1
1
1
1
1
1
1
1
1
1
1
1
1
1
1
1
1
1
1
1
1
1
1
1
1
1
1
1
1
1
1
1
1
1
1
1
1
1
1
1
1
1
1
1
1
1
1
1
1
1
1
1
1
1
1
1
1
1
1
1
1
1
1
1
1
1
1
1
1
1
1
1
1
1
1
1
1
1
1
1
1
1
1
1
1
1
1
1
1
1
1
1
1
1
1
1
1
1
1
1
1
1
1
1
1
1
1
1
1
1
1
1
1
1
1
1
1
1
1
1
1
1
1
1
1
1
1
1
1
1
1
1
1
1
1
1
1
1
1
1
1
1
1
1
1
1
1
1
1
1
1
1
1
1
1
1
1
1
1
1
1
1
1
1
1
1
1
1
1
1
1
1
1
1
1
1
1
1
1
1
1
1
1
1
1
1
1
1
1
1
1
1
1
1
1
1
1
1
1
1
1
1
1
1
1
1
1
1
1
1
1
1
1
1
1
1
1
1
1
1
1
1
1
1
1
1
1
1
1
1
1
1
1
1
1
1
1
1
1
1
1
1
1
1
1
1
1
1
1
1
1
1
1
1
1
1
1
1
1
1
1
1
1
1
1
1
1
1
1
1
1
1
1
1
1
1
1
1
1
1
1
1
1
1
1
1
1
1
1
1
1
1
1
1
1
1
1
1
1
1
1
1
1
1
1
1
1
1
1
1
1
1
1
1
1
1
1
1
1
1
1
1
1
1
1
1
1
1
1
1
1
1
1
1
1
1
1
1
1
1
1
1
1
1
1
1
1
1
1
1
1
1
1
1
1
1
1
1
1
1
1
1
1
1
1
1
1
1
1
1
1
1
1
1
1
1
1
1
1
1
1
1
1
1
1
1
1
1
1
1
1
1
1
1
1
1
1
1
1
1
1
1
1
1
1
1
1
1
1
1
1
1
1
1
1
1
1
1
1
1
1
1
1
1
1
1
1
1
1
1
1
1
1
1
1
1
1
1
1
1
1
1
1
1
1
1
1
1
1
1
1
1
1
1
1
1
1
1
1
1
1
1
1
1
1
1
1
1
1
1
1
1
1
1
1
1
1
1
1
1
1
1
1
1
1
1
1
1
1
1
1
1
1
1
1
1
1
1
1
1
1
1
1
1
1
1
1
1
1
1
1
1
1
1
1
1
1
1
1
1
1
1
1
1
1
1
1
1
1
1
1
1
1
1
1
1
1
1
1
1
1
1
1
1
1
1
1
1
1
1
1
1
1
1
1
1
1
1
1
1
1
1
1
1
1
1
1
1
1
1
1
1
1
1
1
1
1
1
1
1
1
1
1
1
1
1
1
1
1
1
1
1
1
1
1
1
1
1
1
1
1
1
1
1
1
1
1
1
1
1
1
1
1
1
1
1
1
1
1
1
1
1
1
1
1
1
1
1
1
1
1
1
1
1
1
1
1
1
1
1
1
1
1
1
1
1
1
1
1
1
1
1
1
1
1
1
1
1
1
1
1
1
1
1
1
1
1
1
1
1
1
1
1
1
1
1
1
1
1
1
1
1
1
1
1
1
1
1
1
1
1
1
1
1
1
1
1
1
1
1
1
1
1
1
1
1
1
1
1
1
1
1
1
1
1
1
1
1
1
1
1
1
1
1
1
1
1
1
1
1
1
1
1
1
1
1
1
1
1
1
1
1
1
1
1
1
1
1
1
1
1
1
1
1
1
1
1
1
1
1
1
1
1
1
1
1
1
1
1
1
1
1
1
1
1
1
1
1
1
1
1
1
1
1
1
1
1
1
1
1
1
1
1
1
1
1
1
1
1
1
1
1
1
1
1
1
1
1
1
1
1
1
1
1
1
1
1
1
1
1
1
1
1
1
1
1
1
1
1
1
1
1
1
1
1
1
1
1
1
1
1
1
1
1
1
1
1
1
1
1
1
1
1
1
1
1
1
1
1
1
1
1
1
1
1
1
1
1
1
1
1
1
1
1
1
1
1
1
1
1
1
1
1
1
1
1
1
1
1
1
1
1
1
1
1
1
1
1
1
1
1
1
1
1
1
1
1
1
1
1
1
1
1
1
1
1
1
1
1
1
1
1
1
1
1
1
1
1
1
1
1
1
1
1
1
1
1
1
1
1
1
1
1
1
1
1
1
1
1
1
1
1
1
1
1
1
1
1
1
1
1
1
1
1
1
1
1
1
1
1
1
1
1
1
1
1
1
1
1
1
1
1
1
1
1
1
1
1
1
1
1
1
1
1
1
1
1
1
1
1
1
1
1
1
1
1
1
1
1
1
1
1
1
1
1
1
1
1
1
1
1
1
1
1
1
1
1
1
1
1
1
1
1
1
1
1
1
1
1
1
1
1
1
1
1
1
1
1
1
1
1
1
1
1
1
1
1
1
1
1
1
1
1
1
1
1
1
1
1
1
1
1
1
1
1
1
1
1
1
1
1
1
1
1
1
1
1
1
1
1
1
1
1
1
1
1
1
1
1
1
1
1
1
1
1
1
1
1
1
1
1
1
1
1
1
1
1
1
1
1
1
1
1
1
1
1
1
1
1
1
1
1
1
1
1
1
1
1
1
1
1
1
1
1
1
1
1
1
1
1
1
1
1
1
1.25667
1.66244
2.14394
2.70358
3.41457
4.06056
4.63872
5.47128
6.69632
7.21298
7.50607
8.00202
9.07974
9.72554
9.64511
9.64603
9.78843
9.71966
9.4283
8.82501
8.23724
7.813
7.35773
6.71993
6.08521
5.86729
5.89904
5.887
5.79011
5.78921
5.86565
5.97107
6.06464
6.11455
6.13775
6.17302
6.25568
6.34574
6.38557
6.39204
6.3849
6.37865
6.36813
6.3389
6.27961
6.25517
6.27076
6.37961
6.51597
6.56289
6.55787
6.51023
6.40454
6.28445
6.23552
6.23469
6.27379
6.40024
6.54057
6.5921
6.59352
6.5619
6.48783
6.39322
6.31767
6.27617
6.26745
6.28848
6.37621
6.50676
6.59705
6.62712
6.62108
6.57071
6.46852
6.35707
6.31391
6.30118
6.2977
6.35109
1
1
0.999999
0.999142
0.996591
1.05694
1.13878
1.13752
1.27138
1.67703
2.09512
2.40148
2.8834
3.68843
4.29398
4.63412
5.30691
5.84714
6.15516
6.28145
6.48643
6.97655
7.17835
6.9102
6.73813
6.7688
6.84859
6.85086
6.72597
6.5279
6.38601
6.33354
6.23682
6.11471
6.10716
6.12167
6.15855
6.2118
6.23857
6.26009
6.31017
6.36495
6.37777
6.36765
6.34871
6.32029
6.31083
6.31958
6.34643
6.41155
6.45998
6.45717
6.42277
6.40543
6.39269
6.38421
6.38947
6.39857
6.39827
6.42478
6.46334
6.47644
6.466
6.44763
6.43973
6.42681
6.39807
6.38562
6.39738
6.40431
6.4258
6.47426
6.50481
6.50111
6.46108
6.44263
6.43824
6.44134
6.45641
6.45845
1
1
1
1
0.999999
0.999995
1
1
1
1
1
0.999742
0.997229
1.04001
1.20204
1.36192
1.69002
2.48491
3.35137
4.3704
5.46421
6.65161
7.44997
7.41284
7.38386
7.52345
7.5421
7.51347
7.38747
7.13672
6.85673
6.52468
6.29018
6.1607
6.14599
6.1755
6.18119
6.1722
6.1699
6.18166
6.24022
6.34974
6.40006
6.40635
6.39865
6.39152
6.37428
6.32299
6.30358
6.30885
6.35203
6.43172
6.47006
6.47213
6.47373
6.47394
6.46309
6.42118
6.36191
6.3328
6.32835
6.36292
6.46515
6.52259
6.53076
6.5285
6.50546
6.45497
6.40691
6.36813
6.34983
6.34091
6.35359
6.41421
6.48107
6.51672
6.5368
6.56
6.57054
6.54578
1
1
1
1
1
1
1
1
1
1
1
1
1
1
1
1
1
0.998029
1.01465
1.15437
1.5195
2.11978
3.32259
4.51321
5.3193
6.37171
6.59972
6.83174
6.85319
6.6568
6.59264
6.72833
6.75535
6.67814
6.66083
6.64469
6.56777
6.39914
6.17609
6.09049
6.09988
6.15912
6.24277
6.3137
6.36108
6.37625
6.36906
6.31887
6.28229
6.27599
6.29837
6.37721
6.46508
6.51779
6.54003
6.53664
6.50157
6.41933
6.32556
6.27637
6.26816
6.29089
6.38714
6.5283
6.59374
6.59742
6.57079
6.50606
6.41453
6.36046
6.33511
6.31811
6.31556
6.34215
6.41587
6.50708
6.57794
6.61289
6.62094
6.57956
1
1
1
1
1
1
1
1
1
1
1
1
1
1
1
1
1
1
1
0.999997
1
0.998375
1.02566
1.30263
1.66387
2.31617
3.42772
4.49959
5.62308
6.06452
6.56812
6.95679
6.98879
7.06507
7.10513
7.06742
6.95973
6.64382
6.23414
6.14245
6.16412
6.21411
6.24978
6.28458
6.31999
6.33585
6.32046
6.28053
6.25317
6.25643
6.28142
6.33202
6.38602
6.44929
6.51544
6.52635
6.48957
6.41133
6.35498
6.32219
6.30264
6.30185
6.33873
6.43286
6.52118
6.5604
6.56614
6.52757
6.43627
6.38012
6.36752
6.3627
6.35657
6.3559
6.36862
6.42328
6.50117
6.56678
6.59733
6.57344
1
1
1
1
1
1
1
1
1
1
1
1
1
1
1
1
1
1
1
1
1
1
1
0.999999
0.999996
0.99807
1.07009
1.21834
1.60738
2.51281
3.49058
4.6254
5.26067
5.88045
6.4739
6.57708
6.61836
6.49118
6.39064
6.38237
6.42509
6.45267
6.42815
6.40738
6.40109
6.3802
6.34121
6.32217
6.30724
6.27784
6.27363
6.28672
6.30359
6.3345
6.38265
6.45136
6.47932
6.47789
6.47193
6.45085
6.3932
6.36014
6.37023
6.39656
6.41043
6.41508
6.42896
6.451
6.46946
6.48317
6.48936
6.4904
6.47252
6.43062
6.41631
6.42197
6.43136
6.43737
6.446
6.46178
1
1
1
1
1
1
1
1
1
1
1
1
1
1
1
1
1
1
1
1
1
1
1
1
1
1
1
1
0.999176
1.00372
1.04765
1.30963
1.97519
2.67142
3.69599
4.59663
5.53316
6.27615
6.43091
6.69341
6.75802
6.725
6.61386
6.4813
6.36532
6.25594
6.26688
6.30943
6.33783
6.35117
6.33463
6.25494
6.204
6.20487
6.22409
6.28886
6.41002
6.50824
6.53624
6.54422
6.53844
6.47698
6.39079
6.34494
6.30854
6.29748
6.30206
6.34057
6.43554
6.54341
6.59604
6.60875
6.59703
6.54785
6.4784
6.40799
6.36261
6.34001
6.32793
6.35973
1
1
1
1
1
1
1
1
1
1
1
1
1
1
1
1
1
1
1
1
1
1
1
1
1
1
1
1
1
1
1
1
0.998975
1.00211
1.1084
1.51408
2.02583
3.00593
3.98553
5.0801
5.99881
6.13521
6.21455
6.10829
6.04227
6.15145
6.29535
6.46687
6.57784
6.58112
6.53624
6.43301
6.27614
6.17995
6.17712
6.19619
6.26498
6.40496
6.51899
6.54575
6.54541
6.53747
6.455
6.35221
6.31504
6.30116
6.30007
6.31049
6.35344
6.47495
6.60324
6.6326
6.6198
6.56957
6.46796
6.38254
6.34688
6.33573
6.33393
6.37545
1
1
1
1
1
1
1
1
1
1
1
1
1
1
1
1
1
1
1
1
1
1
1
1
1
1
1
1
1
1
1
1
1
0.999999
1
1
0.998306
1.04493
1.29522
1.70091
2.57045
3.60443
4.76555
5.41451
5.75228
6.11165
6.29292
6.44617
6.58583
6.5966
6.5722
6.49303
6.35817
6.22093
6.16459
6.16475
6.21206
6.28263
6.35513
6.43904
6.5017
6.5261
6.54362
6.53376
6.4909
6.41715
6.3341
6.3156
6.33755
6.38441
6.46367
6.53199
6.53743
6.51508
6.48896
6.48206
6.46968
6.43888
6.40639
6.40514
1
1
1
1
1
1
1
1
1
1
1
1
1
1
1
1
1
1
1
1
1
1
1
1
1
1
1
1
1
1
1
1
1
1
1
1
1
0.999999
1
0.998744
1.02057
1.15924
1.40605
2.09675
3.08124
4.34791
5.0296
5.4735
5.99771
6.20522
6.25739
6.29747
6.37062
6.45553
6.42396
6.35864
6.29996
6.26656
6.263
6.27515
6.30634
6.38552
6.48684
6.55673
6.57949
6.57786
6.5331
6.4277
6.36629
6.36572
6.38128
6.3832
6.37778
6.38326
6.41213
6.45806
6.49706
6.52135
6.5323
6.52229
1
1
1
1
1
1
1
1
1
1
1
1
1
1
1
1
1
1
1
1
1
1
1
1
1
1
1
1
1
1
1
1
1
1
1
1
1
1
1
1
1
1
0.999275
1.00298
1.06168
1.29792
2.09571
2.97432
3.93274
4.75319
5.42849
5.87982
6.19298
6.45042
6.53069
6.52425
6.51725
6.42935
6.27981
6.18779
6.17048
6.17859
6.25879
6.45998
6.58327
6.59618
6.58579
6.57352
6.54047
6.49835
6.44731
6.37185
6.31974
6.3073
6.31634
6.35822
6.45815
6.55363
6.59181
6.58698
1
1
1
1
1
1
1
1
1
1
1
1
1
1
1
1
1
1
1
1
1
1
1
1
1
1
1
1
1
1
1
1
1
1
1
1
1
1
1
1
1
1
1
1
1
0.999381
1.00596
1.04779
1.20273
1.8253
2.81429
3.85192
4.49578
5.36946
6.2265
6.43599
6.45936
6.44602
6.48033
6.39135
6.20171
6.13683
6.16529
6.24459
6.36175
6.4574
6.50391
6.52082
6.56103
6.60986
6.60406
6.52751
6.36423
6.27449
6.28007
6.33099
6.39933
6.44327
6.51667
6.56904
1
1
1
1
1
1
1
1
1
1
1
1
1
1
1
1
1
1
1
1
1
1
1
1
1
1
1
1
1
1
1
1
1
1
1
1
1
1
1
1
1
1
1
1
1
1
1
1
0.999839
1.0005
1.03017
1.27256
1.92764
2.76396
3.96533
4.89147
5.61949
6.13098
6.39396
6.43915
6.43954
6.37409
6.27681
6.2422
6.23586
6.25913
6.2614
6.30592
6.45893
6.60015
6.61783
6.58319
6.52201
6.45161
6.41406
6.40915
6.39982
6.39952
6.41314
6.45072
1
1
1
1
1
1
1
1
1
1
1
1
1
1
1
1
1
1
1
1
1
1
1
1
1
1
1
1
1
1
1
1
1
1
1
1
1
1
1
1
1
1
1
1
1
1
1
1
1
1
1
0.999489
1.00336
1.03637
1.36842
2.18693
3.08099
3.90994
4.89183
6.02162
6.37276
6.35648
6.39272
6.53317
6.50033
6.36845
6.18406
6.13633
6.20433
6.34018
6.48093
6.48582
6.48436
6.5005
6.57149
6.59586
6.55838
6.44728
6.37859
6.37878
1
1
1
1
1
1
1
1
1
1
1
1
1
1
1
1
1
1
1
1
1
1
1
1
1
1
1
1
1
1
1
1
1
1
1
1
1
1
1
1
1
1
1
1
1
1
1
1
1
1
1
1
1
1
0.999125
1.0084
1.08051
1.46301
2.12668
3.39405
4.61648
5.48607
6.07845
6.44573
6.52354
6.51188
6.38851
6.20073
6.19107
6.21975
6.29479
6.30311
6.31168
6.4623
6.59849
6.63321
6.60789
6.54539
6.48158
6.42041
1
1
1
1
1
1
1
1
1
1
1
1
1
1
1
1
1
1
1
1
1
1
1
1
1
1
1
1
1
1
1
1
1
1
1
1
1
1
1
1
1
1
1
1
1
1
1
1
1
1
1
1
1
1
1
1
1
0.99965
1.00902
1.19648
2.07347
3.25218
3.9664
4.90116
6.07911
6.4269
6.38338
6.3972
6.54385
6.51753
6.40705
6.27585
6.19508
6.23955
6.35492
6.49824
6.52211
6.48365
6.47349
6.48816
1
1
1
1
1
1
1
1
1
1
1
1
1
1
1
1
1
1
1
1
1
1
1
1
1
1
1
1
1
1
1
1
1
1
1
1
1
1
1
1
1
1
1
1
1
1
1
1
1
1
1
1
1
1
1
1
1
1
1
0.999569
1.01351
1.12552
1.51457
2.08084
3.41709
4.796
5.55837
6.13748
6.484
6.55543
6.54163
6.47026
6.31757
6.24887
6.27211
6.32075
6.34894
6.3294
6.41178
6.5152
1
1
1
1
1
1
1
1
1
1
1
1
1
1
1
1
1
1
1
1
1
1
1
1
1
1
1
1
1
1
1
1
1
1
1
1
1
1
1
1
1
1
1
1
1
1
1
1
1
1
1
1
1
1
1
1
1
1
1
0.999998
0.999982
0.999953
1.00098
1.01088
1.22271
2.28125
3.83951
4.57881
5.49269
6.35217
6.52581
6.50885
6.45831
6.5397
6.55389
6.47541
6.35558
6.28628
6.28758
6.37412
1
1
1
1
1
1
1
1
1
1
1
1
1
1
1
1
1
1
1
1
1
1
1
1
1
1
1
1
1
1
1
1
1
1
1
1
1
1
1
1
1
1
1
1
1
1
1
1
1
1
1
1
1
1
1
1
1
1
1
1
1
1
1
0.999968
1.00022
1.03392
1.39642
2.13851
2.99168
4.53154
5.46276
5.75862
6.14228
6.44395
6.5886
6.5705
6.5121
6.46422
6.41695
6.38652
1
1
1
1
1
1
1
1
1
1
1
1
1
1
1
1
1
1
1
1
1
1
1
1
1
1
1
1
1
1
1
1
1
1
1
1
1
1
1
1
1
1
1
1
1
1
1
1
1
1
1
1
1
1
1
1
1
1
1
1
1
1
1
0.999999
0.999996
0.999919
1.0011
1.02317
1.10993
1.66706
3.40272
4.78652
5.30959
5.97951
6.48705
6.50004
6.50412
6.54007
6.60165
6.59729
1
1
1
1
1
1
1
1
1
1
1
1
1
1
1
1
1
1
1
1
1
1
1
1
1
1
1
1
1
1
1
1
1
1
1
1
1
1
1
1
1
1
1
1
1
1
1
1
1
1
1
1
1
1
1
1
1
1
1
1
1
1
1
1
1
0.999997
0.999999
1
0.999919
1.00854
1.203
2.35115
3.55906
4.83268
5.95736
5.95458
5.88209
6.15024
6.44881
6.54609
1
1
1
1
1
1
1
1
1
1
1
1
1
1
1
1
1
1
1
1
1
1
1
1
1
1
1
1
1
1
1
1
1
1
1
1
1
1
1
1
1
1
1
1
1
1
1
1
1
1
1
1
1
1
1
1
1
1
1
1
1
1
1
1
1
1
1
1
0.999997
0.999971
1.00071
1.06717
1.35048
1.93747
3.57537
5.44944
5.70128
5.99931
6.19437
6.3613
1
1
1
1
1
1
1
1
1
1
1
1
1
1
1
1
1
1
1
1
1
1
1
1
1
1
1
1
1
1
1
1
1
1
1
1
1
1
1
1
1
1
1
1
1
1
1
1
1
1
1
1
1
1
1
1
1
1
1
1
1
1
1
1
1
1
1
1
1
0.999997
0.999997
1
1.00129
1.02528
1.22501
2.55018
4.40155
5.5871
6.2704
6.25806
1
1
1
1
1
1
1
1
1
1
1
1
1
1
1
1
1
1
1
1
1
1
1
1
1
1
1
1
1
1
1
1
1
1
1
1
1
1
1
1
1
1
1
1
1
1
1
1
1
1
1
1
1
1
1
1
1
1
1
1
1
1
1
1
1
1
1
1
1
1
1
1
0.999999
0.999965
1.00117
1.12811
1.95476
3.01977
4.66327
6.09287
1
1
1
1
1
1
1
1
1
1
1
1
1
1
1
1
1
1
1
1
1
1
1
1
1
1
1
1
1
1
1
1
1
1
1
1
1
1
1
1
1
1
1
1
1
1
1
1
1
1
1
1
1
1
1
1
1
1
1
1
1
1
1
1
1
1
1
1
1
1
1
1
1
0.999998
0.999993
1.00062
1.02517
1.22857
1.80591
4.26855
1
1
1
1
1
1
1
1
1
1
1
1
1
1
1
1
1
1
1
1
1
1
1
1
1
1
1
1
1
1
1
1
1
1
1
1
1
1
1
1
1
1
1
1
1
1
1
1
1
1
1
1
1
1
1
1
1
1
1
1
1
1
1
1
1
1
1
1
1
1
1
1
1
1
0.999998
0.999999
0.99997
1.00122
1.0175
2.17378
1
1
1
1
1
1
1
1
1
1
1
1
1
1
1
1
1
1
1
1
1
1
1
1
1
1
1
1
1
1
1
1
1
1
1
1
1
1
1
1
1
1
1
1
1
1
1
1
1
1
1
1
1
1
1
1
1
1
1
1
1
1
1
1
1
1
1
1
1
1
1
1
1
1
1
1
0.999995
0.999994
1.0001
1.15192
1
1
1
1
1
1
1
1
1
1
1
1
1
1
1
1
1
1
1
1
1
1
1
1
1
1
1
1
1
1
1
1
1
1
1
1
1
1
1
1
1
1
1
1
1
1
1
1
1
1
1
1
1
1
1
1
1
1
1
1
1
1
1
1
1
1
1
1
1
1
1
1
1
1
1
1
1
0.999999
0.999999
1.0046
1
1
1
1
1
1
1
1
1
1
1
1
1
1
1
1
1
1
1
1
1
1
1
1
1
1
1
1
1
1
1
1
1
1
1
1
1
1
1
1
1
1
1
1
1
1
1
1
1
1
1
1
1
1
1
1
1
1
1
1
1
1
1
1
1
1
1
1
1
1
1
1
1
1
1
1
1
1
1
1.00003
1
1
1
1
1
1
1
1
1
1
1
1
1
1
1
1
1
1
1
1
1
1
1
1
1
1
1
1
1
1
1
1
1
1
1
1
1
1
1
1
1
1
1
1
1
1
1
1
1
1
1
1
1
1
1
1
1
1
1
1
1
1
1
1
1
1
1
1
1
1
1
1
1
1
1
1
1
1
1
1
1
1
1
1
1
1
1
1
1
1
1
1
1
1
1
1
1
1
1
1
1
1
1
1
1
1
1
1
1
1
1
1
1
1
1
1
1
1
1
1
1
1
1
1
1
1
1
1
1
1
1
1
1
1
1
1
1
1
1
1
1
1
1
1
1
1
1
1
1
1
1
1
1
1
1
1
1
1
1
1
1
1
1
1
1
1
1
1
1
1
1
1
1
1
1
1
1
1
1
1
1
1
1
1
1
1
1
1
1
1
1
1
1
1
1
1
1
1
1
1
1
1
1
1
1
1
1
1
1
1
1
1
1
1
1
1
1
1
1
1
1
1
1
1
1
1
1
1
1
1
1
1
1
1
1
1
1
1
1
1
1
1
1
1
1
1
1
1
1
1
1
1
1
1
1
1
1
1
1
1
1
1
1
1
1
1
1
1
1
1
1
1
1
1
1
1
1
1
1
1
1
1
1
1
1
1
1
1
1
1
1
1
1
1
1
1
1
1
1
1
1
1
1
1
1
1
1
1
1
1
1
1
1
1
1
1
1
1
1
1
1
1
1
1
1
1
1
1
1
1
1
1
1
1
1
1
1
1
1
1
1
1
1
1
1
1
1
1
1
1
1
1
1
1
1
1
1
1
1
1
1
1
1
1
1
1
1
1
1
1
1
1
1
1
1
1
1
1
1
1
1
1
1
1
1
1
1
1
1
1
1
1
1
1
1
1
1
1
1
1
1
1
1
1
1
1
1
1
1
1
1
1
1
1
1
1
1
1
1
1
1
1
1
1
1
1
1
1
1
1
1
1
1
1
1
1
1
1
1
1
1
1
1
1
1
1
1
1
1
1
1
1
1
1
1
1
1
1
1
1
1
1
1
1
1
1
1
1
1
1
1
1
1
1
1
1
1
1
1
1
1
1
1
1
1
1
1
1
1
1
1
1
1
1
1
1
1
1
1
1
1
1
1
1
1
1
1
1
1
1
1
1
1
1
1
1
1
1
1
1
1
1
1
1
1
1
1
1
1
1
1
1
1
1
1
1
1
1
1
1
1
1
1
1
1
1
1
1
1
1
1
1
1
1
1
1
1
1
1
1
1
1
1
1
1
1
1
1
1
1
1
1
1
1
1
1
1
1
1
1
1
1
1
1
1
1
1
1
1
1
1
1
1
1
1
1
1
1
1
1
1
1
1
1
1
1
1
1
1
1
1
1
1
1
1
1
1
1
1
1
1
1
1
1
1
1
1
1
1
1
1
1
1
1
1
1
1
1
1
1
1
1
1
1
1
1
1
1
1
1
1
1
1
1
1
1
1
1
1
1
1
1
1
1
1
1
1
1
1
1
1
1
1
1
1
1
1
1
1
1
1
1
1
1
1
1
1
1
1
1
1
1
1
1
1
1
1
1
1
1
1
1
1
1
1
1
1
1
1
1
1
1
1
1
1
1
1
1
1
1
1
1
1
1
1
1
1
1
1
1
1
1
1
1
1
1
1
1
1
1
1
1
1
1
1
1
1
1
1
1
1
1
1
1
1
1
1
1
1
1
1
1
1
1
1
1
1
1
1
1
1
1
1
1
1
1
1
1
1
1
1
1
1
1
1
1
1
1
1
1
1
1
1
1
1
1
1
1
1
1
1
1
1
1
1
1
1
1
1
1
1
1
1
1
1
1
1
1
1
1
1
1
1
1
1
1
1
1
1
1
1
1
1
1
1
1
1
1
1
1
1
1
1
1
1
1
1
1
1
1
1
1
1
1
1
1
1
1
1
1
1
1
1
1
1
1
1
1
1
1
1
1
1
1
1
1
1
1
1
1
)
;

boundaryField
{
    inlet
    {
        type            fixedValue;
        value           uniform 1;
    }
    outlet
    {
        type            zeroGradient;
    }
    bottom
    {
        type            symmetryPlane;
    }
    top
    {
        type            symmetryPlane;
    }
    obstacle
    {
        type            zeroGradient;
    }
    defaultFaces
    {
        type            empty;
    }
}


// ************************************************************************* //
