/*--------------------------------*- C++ -*----------------------------------*\
| =========                 |                                                 |
| \\      /  F ield         | OpenFOAM: The Open Source CFD Toolbox           |
|  \\    /   O peration     | Version:  2206                                  |
|   \\  /    A nd           | Website:  www.openfoam.com                      |
|    \\/     M anipulation  |                                                 |
\*---------------------------------------------------------------------------*/
FoamFile
{
    version     2.0;
    format      ascii;
    arch        "LSB;label=32;scalar=64";
    class       volScalarField;
    location    "0.2";
    object      T;
}
// * * * * * * * * * * * * * * * * * * * * * * * * * * * * * * * * * * * * * //

dimensions      [0 0 0 1 0 0 0];

internalField   nonuniform List<scalar> 
4800
(
1
1
1
1
1
1
1
1
1
1
1
1
1
1
1
1
1
1
1
1
1
1
1
1
1
1
1
1
1
1
1
1
1
1
1
1
1
1
1
1
1
1
1
1
1
1
1
1
1
1
1
1
1
1
1
1
1
1
1
1
1
1
1
1
1
1
1
1
1
1
1
1
1
1
1
1
1
1
1
1
1
1
1
1
1
1
1
1
1
1
1
1
1
1
1
1
1
1
1
1
1
1
1
1
1
1
1
1
1
1
1
1
1
1
1
1
1
1
1
1
1
1
1
1
1
1
1
1
1
1
1
1
1
1
1
1
1
1
1
1
1
1
1
1
1
1
1
1
1
1
1
1
1
1
1
1
1
1
1
1
1
1
1
1
1
1
1
1
1
1
1
1
1
1
1
1
1
1
1
1
1
1
1
1
1
1
1
1
1
1
1
1
1
1
1
1
1
1
1
1
1
1
1
1
1
1
1
1
1
1
1
1
1
1
1
1
1
1
1
1
1
1
1
1
1
1
1
1
1
1
1
1
1
1
1
1
1
1
1
1
1
1
1
1
1
1
1
1
1
1
1
1
1
1
1
1
1
1
1
1
1
1
1
1
1
1
1
1
1
1
1
1
1
1
1
1
1
1
1
1
1
1
1
1
1
1
1
1
1
1
1
1
1
1
1
1
1
1
1
1
1
1
1
1
1
1
1
1
1
1
1
1
1
1
1
1
1
1
1
1
1
1
1
1
1
1
1
1
1
1
1
1
1
1
1
1
1
1
1
1
1
1
1
1
1
1
1
1
1
1
1
1
1
1
1
1
1
1
1
1
1
1
1
1
1
1
1
1
1
1
1
1
1
1
1
1
1
1
1
1
1
1
1
1
1
1
1
1
1
1
1
1
1
1
1
1
1
1
1
1
1
1
1
1
1
1
1
1
1
1
1
1
1
1
1
1
1
1
1
1
1
1
1
1
1
1
1
1
1
1
1
1
1
1
1
1
1
1
1
1
1
1
1
1
1
1
1
1
1
1
1
1
1
1
1
1
1
1
1
1
1
1
1
1
1
1
1
1
1
1
1
1
1
1
1
1
1
1
1
1
1
1
1
1
1
1
1
1
1
1
1
1
1
1
1
1
1
1
1
1
1
1
1
1
1
1
1
1
1
1
1
1
1
1
1
1
1
1
1
1
1
1
1
1
1
1
1
1
1
1
1
1
1
1
1
1
1
1
1
1
1
1
1
1
1
1
1
1
1
1
1
1
1
1
1
1
1
1
1
1
1
1
1
1
1
1
1
1
1
1
1
1
1
1
1
1
1
1
1
1
1
1
1
1
1
1
1
1
1
1
1
1
1
1
1
1
1
1
1
1
1
1
1
1
1
1
1
1
1
1
1
1
1
1
1
1
1
1
1
1
1
1
1
1
1
1
1
1
1
1
1
1
1
1
1
1
1
1
1
1
1
1
1
1
1
1
1
1
1
1
1
1
1
1
1
1
1
1
1
1
1
1
1
1
1
1
1
1
1
1
1
1
1
1
1
1
1
1
1
1
1
1
1
1
1
1
1
1
1
1
1
1
1
1
1
1
1
1
1
1
1
1
1
1
1
1
1
1
1
1
1
1
1
1
1
1
1
1
1
1
1
1
1
1
1
1
1
1
1
1
1
1
1
1
1
1
1
1
1
1
1
1
1
1
1
1
1
1
1
1
1
1
1
1
1
1
1
1
1
1
1
1
1
1
1
1
1
1
1
1
1
1
1
1
1
1
1
1
1
1
1
1
1
1
1
1
1
1
1
1
1
1
1
1
1
1
1
1
1
1
1
1
1
1
1
1
1
1
1
1
1
1
1
1
1
1
1
1
1
1
1
1
1
1
1
1
1
1
1
1
1
1
1
1
1
1
1
1
1
1
1
1
1
1
1
1
1
1
1
1
1
1
1
1
1
1
1
1
1
1
1
1
1
1
1
1
1
1
1
1
1
1
1
1
1
1
1
1
1
1
1
1
1
1
1
1
1
1
1
1
1
1
1
1
1
1
1
1
1
1
1
1
1
1
1
1
1
1
1
1
1
1
1
1
1
1
1
1
1
1
1
1
1
1
1
1
1
1
1
1
1
1
1
1
1
1
1
1
1
1
1
1
1
1
1
1
1
1
1
1
1
1
1
1
1
1
1
1
1
1
1
1
1
1
1
1
1
1
1
1
1
1
1
1
1
1
1
1
1
1
1
1
1
1
1
1
1
1
1
1
1
1
1
1
1
1
1
1
1
1
1
1
1
1
1
1
1
1
1
1
1
1
1
1
1
1
1
1
1
1
1
1
1
1
1
1
1
1
1
1
1
1
1
1
1
1
1
1
1
1
1
1
1
1
1
1
1
1
1
1
1
1
1
1
1
1
1
1
1
1
1
1
1
1
1
1
1
1
1
1
1
1
1
1
1
1
1
1
1
1
1
1
1
1
1
1
1
1
1
1
1
1
1
1
1
1
1
1
1
1
1
1
1
1
1
1
1
1
1
1
1
1
1
1
1
1
1
1
1
1
1
1
1
1
1
1
1
1
1
1
1
1
1
1
1
1
1
1
1
1
1
1
1
1
1
1
1
1
1
1
1
1
1
1
1
1
1
1
1
1
1
1
1
1
1
1
1
1
1
1
1
1
1
1
1
1
1
1
1
1
1
1
1
1
1
1
1
1
1
1
1
1
1
1
1
1
1
1
1
1
1
1
1
1
1
1
1
1
1
1
1
1
1
1
1
1
1
1
1
1
1
1
1
1
1
1
1
1
1
1
1
1
1
1
1
1
1
1
1
1
1
1
1
1
1
1
1
1
1
1
1
1
1
1
1
1
1
1
1
1
1
1
1
1
1
1
1
1
1
1
1
1
1
1
1
1
1
1
1
1
1
1
1
1
1
1
1
1
1
1
1
1
1
1
1
1
1
1
1
1
1
1
1
1
1
1
1
1
1
1
1
1
1
1
1
1
1
1
1
1
1
1
1
1
1
1
1
1
1
1
1
1
1
1
1
1
1
1
1
1
1
1
1
1
1
1
1
1
1
1
1
1
1
1
1
1
1
1
1
1
1
1
1
1
1
1
1
1
1
1
1
1
1
1
1
1
1
1
1
1
1
1
1
1
1
1
1
1
1
1
1
1
1
1
1
1
1
1
1
1
1
1
1
1
1
1
1
1
1
1
1
1
1
1
1
1
1
1
1
1
1
1
1
1
1
1
1
1
1
1
1
1
1
1
1
1
1
1
1
1
1
1
1
1
1
1
1
1
1
1
1
1
1
1
1
1
1
1
1
1
1
1
1
1
1
1
1
1
1
1
1
1
1
1
1
1
1
1
1
1
1
1
1
1
1
1
1
1
1
1
1
1
1
1
1
1
1
1
1
1
1
1
1
1
1
1
1
1
1
1
1
1
1
1
1
1
1
1
1
1
1
1
1
1
1
1
1
1
1
1
1
1
1
1
1
1
1
1
1
1
1
1
1
1
1
1
1
1
1
1
1
1
1
1
1
1
1
1
1
1
1
1
1
1
1
1
1
1
1
1
1
1
1
1
1
1
1
1
1
1
1
1
1
1
1
1
1
1
1
1
1
1
1
1
1
1
1
1
1
1
1.06947
1.16111
1.25165
1.3555
1.46124
1.54881
1.61964
1.71949
1.85361
1.93175
1.97337
2.02495
2.11531
2.19629
2.20087
2.20086
2.20894
2.20701
2.19275
2.15593
2.11239
2.07718
2.04081
1.99133
1.9423
1.92101
1.92244
1.91862
1.90957
1.91248
1.92495
1.93837
1.94749
1.95022
1.9514
1.95528
1.96639
1.97798
1.98163
1.98174
1.97994
1.97935
1.97938
1.97866
1.97506
1.97313
1.97452
1.98397
1.99571
2.00009
1.99979
1.99549
1.98525
1.97434
1.97097
1.97158
1.97693
1.98904
2.00005
2.00397
2.00412
2.00158
1.99546
1.98762
1.98141
1.97811
1.97756
1.97971
1.98795
1.99957
2.00757
2.0103
2.00976
2.00522
1.99579
1.98605
1.98276
1.98207
1.98208
1.98744
1
1
1
0.99975
0.999104
1.02547
1.06289
1.06469
1.12385
1.27284
1.37867
1.43161
1.51753
1.64606
1.7203
1.74392
1.79218
1.8458
1.88233
1.90344
1.92341
1.97598
2.02127
2.00901
2.00913
2.02202
2.03349
2.0315
2.01768
2.00108
1.99228
1.98802
1.9788
1.96515
1.96298
1.96439
1.96991
1.97763
1.97945
1.98028
1.98289
1.98759
1.99076
1.99048
1.98972
1.98735
1.98576
1.98617
1.9883
1.99428
1.99826
1.99779
1.99433
1.99294
1.9923
1.99205
1.99298
1.99367
1.99327
1.99541
1.999
2.00045
2.00002
1.9985
1.99753
1.99606
1.99345
1.99267
1.99404
1.99538
1.99806
2.00222
2.00419
2.00355
1.99974
1.99779
1.99739
1.99783
1.99967
2.00037
1
1
1
1
1
0.999999
1
1
1
1
1
0.9999
0.998989
1.0191
1.09199
1.15316
1.25874
1.4675
1.62826
1.77442
1.90993
2.03907
2.12052
2.11604
2.11428
2.1286
2.12947
2.12475
2.10965
2.08506
2.06189
2.03364
2.01358
2.00086
1.99631
1.9986
1.99908
1.99857
1.99828
1.99886
2.00332
2.01281
2.01684
2.01689
2.01565
2.01425
2.01204
2.00721
2.00543
2.00552
2.00806
2.01451
2.01861
2.01902
2.01888
2.01812
2.0157
2.01081
2.00595
2.00346
2.00301
2.00625
2.01585
2.02035
2.02031
2.01914
2.01541
2.0105
2.00698
2.00438
2.00283
2.0015
2.00209
2.00682
2.01285
2.01594
2.01723
2.01876
2.01935
2.01676
1
1
1
1
1
1
1
1
1
1
1
1
1
1
1
1
1
0.999211
1.00794
1.07944
1.24178
1.45108
1.71141
1.8805
1.96752
2.07259
2.08809
2.09603
2.09149
2.06696
2.0645
2.08259
2.09038
2.08452
2.08089
2.07715
2.06824
2.05315
2.03347
2.02397
2.02415
2.02778
2.03335
2.03784
2.04011
2.04033
2.03942
2.0349
2.03122
2.02975
2.0305
2.03634
2.04406
2.04843
2.04955
2.04823
2.04274
2.03365
2.02447
2.01966
2.01889
2.02095
2.02888
2.04039
2.04526
2.045
2.04082
2.03347
2.02524
2.01967
2.01627
2.01407
2.01372
2.01594
2.02219
2.03015
2.03575
2.03768
2.03757
2.03163
1
1
1
1
1
1
1
1
1
1
1
1
1
1
1
1
1
1
1
0.999999
1
0.999224
1.01316
1.14922
1.29367
1.48671
1.72206
1.88738
2.00459
2.04677
2.09492
2.14583
2.14753
2.14757
2.14534
2.13805
2.12593
2.09952
2.06435
2.05327
2.05394
2.05565
2.05709
2.05918
2.06184
2.06284
2.06059
2.05512
2.05088
2.05078
2.05235
2.05599
2.05983
2.0644
2.06915
2.06956
2.06482
2.05584
2.04957
2.04563
2.0428
2.04237
2.04448
2.05101
2.05807
2.06104
2.06108
2.05633
2.04657
2.03983
2.03736
2.0358
2.03423
2.0337
2.0343
2.03836
2.0444
2.04885
2.05008
2.04583
1
1
1
1
1
1
1
1
1
1
1
1
1
1
1
1
1
1
1
1
1
1
1
1
0.999997
0.999132
1.03593
1.1099
1.26937
1.53781
1.72488
1.88481
1.96193
2.02821
2.08392
2.09592
2.10094
2.09099
2.08401
2.08166
2.08319
2.08307
2.08046
2.08024
2.08162
2.08104
2.07676
2.07133
2.06609
2.06348
2.06394
2.06588
2.06763
2.06959
2.07174
2.07562
2.07785
2.07783
2.07733
2.07494
2.06789
2.06267
2.06291
2.0641
2.06446
2.06438
2.06514
2.06632
2.06685
2.06671
2.06557
2.06439
2.06107
2.05583
2.0538
2.05413
2.05426
2.05351
2.0529
2.05204
1
1
1
1
1
1
1
1
1
1
1
1
1
1
1
1
1
1
1
1
1
1
1
1
1
1
1
1
0.999593
1.00186
1.02411
1.14547
1.38355
1.55277
1.7312
1.85747
1.97735
2.06821
2.08627
2.10661
2.10677
2.10202
2.09185
2.08468
2.0785
2.07214
2.07065
2.06982
2.06968
2.07155
2.07196
2.06758
2.06321
2.06289
2.06315
2.06653
2.07677
2.08659
2.08928
2.08988
2.0889
2.08185
2.07286
2.0682
2.06461
2.06329
2.06328
2.06592
2.07419
2.08332
2.08692
2.08728
2.0851
2.0786
2.07105
2.0643
2.05966
2.05683
2.05497
2.05646
1
1
1
1
1
1
1
1
1
1
1
1
1
1
1
1
1
1
1
1
1
1
1
1
1
1
1
1
1
1
1
1
0.999503
1.00122
1.05231
1.22314
1.38416
1.60825
1.77146
1.91997
2.02144
2.03737
2.04168
2.03203
2.0309
2.04806
2.06679
2.07999
2.08702
2.08716
2.0838
2.07573
2.06305
2.05424
2.05387
2.05606
2.06362
2.07684
2.0865
2.08841
2.08825
2.08754
2.08038
2.07125
2.06727
2.06548
2.06523
2.06601
2.06986
2.08112
2.0924
2.09429
2.09234
2.08607
2.07612
2.06828
2.06431
2.06251
2.06189
2.06499
1
1
1
1
1
1
1
1
1
1
1
1
1
1
1
1
1
1
1
1
1
1
1
1
1
1
1
1
1
1
1
1
1
1
1
1
0.999259
1.02079
1.1335
1.28461
1.51366
1.71154
1.86552
1.93108
1.96739
2.01148
2.04642
2.0677
2.07621
2.07564
2.07254
2.06608
2.05751
2.04939
2.04517
2.04524
2.0504
2.05772
2.06478
2.07336
2.08013
2.08267
2.08484
2.08414
2.08033
2.07345
2.06585
2.06431
2.06712
2.07274
2.08001
2.08529
2.08518
2.08207
2.07992
2.07978
2.07911
2.07639
2.07263
2.0714
1
1
1
1
1
1
1
1
1
1
1
1
1
1
1
1
1
1
1
1
1
1
1
1
1
1
1
1
1
1
1
1
1
1
1
1
1
1
1
0.999432
1.00916
1.07477
1.17985
1.39312
1.60176
1.78012
1.88277
1.93813
1.99067
2.01124
2.02302
2.03454
2.05081
2.06124
2.05717
2.0478
2.04097
2.03986
2.04228
2.04774
2.05432
2.06266
2.07032
2.07557
2.07832
2.07871
2.07581
2.06813
2.06414
2.06467
2.0671
2.06745
2.06728
2.06793
2.07073
2.07532
2.0795
2.08204
2.08285
2.08161
1
1
1
1
1
1
1
1
1
1
1
1
1
1
1
1
1
1
1
1
1
1
1
1
1
1
1
1
1
1
1
1
1
1
1
1
1
1
1
1
1
1
0.999671
1.00128
1.02853
1.13027
1.39222
1.58542
1.71724
1.82337
1.90284
1.9692
2.02333
2.0469
2.0471
2.04338
2.04149
2.03598
2.02876
2.02678
2.02711
2.02861
2.03622
2.05549
2.06791
2.0696
2.06959
2.07114
2.07078
2.0678
2.06286
2.05608
2.0529
2.05287
2.055
2.06135
2.07173
2.07948
2.08289
2.08299
1
1
1
1
1
1
1
1
1
1
1
1
1
1
1
1
1
1
1
1
1
1
1
1
1
1
1
1
1
1
1
1
1
1
1
1
1
1
1
1
1
1
1
1
1
0.999722
1.0026
1.02252
1.08951
1.31002
1.53629
1.69913
1.79361
1.90418
2.0015
2.02262
2.02563
2.02611
2.03337
2.02759
2.01131
2.0065
2.01111
2.02138
2.03503
2.04658
2.05292
2.05555
2.05972
2.06495
2.06506
2.05942
2.04583
2.03977
2.04178
2.05021
2.05938
2.0647
2.07193
2.07695
1
1
1
1
1
1
1
1
1
1
1
1
1
1
1
1
1
1
1
1
1
1
1
1
1
1
1
1
1
1
1
1
1
1
1
1
1
1
1
1
1
1
1
1
1
1
1
1
0.999918
1.00023
1.01385
1.11613
1.33269
1.51261
1.71778
1.83973
1.92875
1.98795
2.01016
2.01512
2.01741
2.0139
2.00686
2.00578
2.00838
2.01415
2.01558
2.02129
2.03787
2.05232
2.05436
2.05215
2.04995
2.04709
2.04551
2.04652
2.04798
2.04991
2.05249
2.05766
1
1
1
1
1
1
1
1
1
1
1
1
1
1
1
1
1
1
1
1
1
1
1
1
1
1
1
1
1
1
1
1
1
1
1
1
1
1
1
1
1
1
1
1
1
1
1
1
1
1
1
0.999775
1.00146
1.01609
1.1534
1.41086
1.58039
1.70359
1.82422
1.96369
2.00943
2.00798
2.01049
2.02272
2.0193
2.00528
1.99264
1.99195
2.00179
2.01828
2.03296
2.03483
2.03633
2.03863
2.04723
2.05196
2.05013
2.04169
2.03751
2.03963
1
1
1
1
1
1
1
1
1
1
1
1
1
1
1
1
1
1
1
1
1
1
1
1
1
1
1
1
1
1
1
1
1
1
1
1
1
1
1
1
1
1
1
1
1
1
1
1
1
1
1
1
1
1
0.999619
1.0039
1.03578
1.18586
1.37352
1.62049
1.81152
1.92353
1.98639
2.00353
2.00515
2.00527
2.00203
1.99198
1.99261
1.99841
2.00521
2.00579
2.00764
2.02369
2.03969
2.0452
2.04402
2.04143
2.03738
2.03302
1
1
1
1
1
1
1
1
1
1
1
1
1
1
1
1
1
1
1
1
1
1
1
1
1
1
1
1
1
1
1
1
1
1
1
1
1
1
1
1
1
1
1
1
1
1
1
1
1
1
1
1
1
1
1
1
1
0.999842
1.0039
1.08171
1.38003
1.62602
1.71981
1.82027
1.94658
2.00515
2.00676
2.00942
2.02259
2.01876
2.0031
1.98956
1.98696
1.99408
2.01143
2.02819
2.03145
2.02894
2.02709
2.02968
1
1
1
1
1
1
1
1
1
1
1
1
1
1
1
1
1
1
1
1
1
1
1
1
1
1
1
1
1
1
1
1
1
1
1
1
1
1
1
1
1
1
1
1
1
1
1
1
1
1
1
1
1
1
1
1
1
1
1
0.999812
1.006
1.05656
1.20531
1.36312
1.61715
1.83046
1.93233
2.00095
2.01264
2.00937
2.00539
2.00189
1.99721
1.99669
2.00261
2.00714
2.00732
2.00479
2.01159
2.02339
1
1
1
1
1
1
1
1
1
1
1
1
1
1
1
1
1
1
1
1
1
1
1
1
1
1
1
1
1
1
1
1
1
1
1
1
1
1
1
1
1
1
1
1
1
1
1
1
1
1
1
1
1
1
1
1
1
1
1
0.999999
0.999992
0.999981
1.00039
1.00464
1.09132
1.4164
1.72228
1.81386
1.89947
1.97476
2.00906
2.01388
2.01454
2.02479
2.02641
2.01534
1.99711
1.99142
1.99249
2.00595
1
1
1
1
1
1
1
1
1
1
1
1
1
1
1
1
1
1
1
1
1
1
1
1
1
1
1
1
1
1
1
1
1
1
1
1
1
1
1
1
1
1
1
1
1
1
1
1
1
1
1
1
1
1
1
1
1
1
1
1
1
1
1
0.999987
1.00005
1.01447
1.16579
1.38874
1.5526
1.76924
1.89484
1.94557
1.99917
2.01883
2.02004
2.01498
2.00591
2.00465
2.00544
2.00849
1
1
1
1
1
1
1
1
1
1
1
1
1
1
1
1
1
1
1
1
1
1
1
1
1
1
1
1
1
1
1
1
1
1
1
1
1
1
1
1
1
1
1
1
1
1
1
1
1
1
1
1
1
1
1
1
1
1
1
1
1
1
1
1
0.999999
0.999965
1.00042
1.00987
1.04616
1.25119
1.61783
1.84613
1.90878
1.96642
2.00158
2.00476
2.00797
2.01532
2.02688
2.02829
1
1
1
1
1
1
1
1
1
1
1
1
1
1
1
1
1
1
1
1
1
1
1
1
1
1
1
1
1
1
1
1
1
1
1
1
1
1
1
1
1
1
1
1
1
1
1
1
1
1
1
1
1
1
1
1
1
1
1
1
1
1
1
1
1
0.999999
0.999999
1
0.999959
1.00338
1.08361
1.44781
1.66741
1.81796
1.93255
1.94385
1.94828
1.98881
2.01962
2.02255
1
1
1
1
1
1
1
1
1
1
1
1
1
1
1
1
1
1
1
1
1
1
1
1
1
1
1
1
1
1
1
1
1
1
1
1
1
1
1
1
1
1
1
1
1
1
1
1
1
1
1
1
1
1
1
1
1
1
1
1
1
1
1
1
1
1
1
1
0.999999
0.999988
1.00024
1.02833
1.14264
1.32089
1.64868
1.88883
1.93517
1.9821
2.00194
2.00322
1
1
1
1
1
1
1
1
1
1
1
1
1
1
1
1
1
1
1
1
1
1
1
1
1
1
1
1
1
1
1
1
1
1
1
1
1
1
1
1
1
1
1
1
1
1
1
1
1
1
1
1
1
1
1
1
1
1
1
1
1
1
1
1
1
1
1
1
1
0.999999
0.999999
0.999995
1.00048
1.00993
1.0944
1.48166
1.79867
1.94702
1.99659
1.98543
1
1
1
1
1
1
1
1
1
1
1
1
1
1
1
1
1
1
1
1
1
1
1
1
1
1
1
1
1
1
1
1
1
1
1
1
1
1
1
1
1
1
1
1
1
1
1
1
1
1
1
1
1
1
1
1
1
1
1
1
1
1
1
1
1
1
1
1
1
1
1
1
0.999999
0.999985
1.00044
1.05196
1.3393
1.56864
1.80297
1.96692
1
1
1
1
1
1
1
1
1
1
1
1
1
1
1
1
1
1
1
1
1
1
1
1
1
1
1
1
1
1
1
1
1
1
1
1
1
1
1
1
1
1
1
1
1
1
1
1
1
1
1
1
1
1
1
1
1
1
1
1
1
1
1
1
1
1
1
1
1
1
1
1
1
0.999999
0.999997
1.0002
1.01016
1.09261
1.27987
1.81201
1
1
1
1
1
1
1
1
1
1
1
1
1
1
1
1
1
1
1
1
1
1
1
1
1
1
1
1
1
1
1
1
1
1
1
1
1
1
1
1
1
1
1
1
1
1
1
1
1
1
1
1
1
1
1
1
1
1
1
1
1
1
1
1
1
1
1
1
1
1
1
1
1
1
1
1
0.999987
1.00042
1.00698
1.44401
1
1
1
1
1
1
1
1
1
1
1
1
1
1
1
1
1
1
1
1
1
1
1
1
1
1
1
1
1
1
1
1
1
1
1
1
1
1
1
1
1
1
1
1
1
1
1
1
1
1
1
1
1
1
1
1
1
1
1
1
1
1
1
1
1
1
1
1
1
1
1
1
1
1
1
1
0.999999
0.999998
1.00003
1.06196
1
1
1
1
1
1
1
1
1
1
1
1
1
1
1
1
1
1
1
1
1
1
1
1
1
1
1
1
1
1
1
1
1
1
1
1
1
1
1
1
1
1
1
1
1
1
1
1
1
1
1
1
1
1
1
1
1
1
1
1
1
1
1
1
1
1
1
1
1
1
1
1
1
1
1
1
1
1
1
1.00147
1
1
1
1
1
1
1
1
1
1
1
1
1
1
1
1
1
1
1
1
1
1
1
1
1
1
1
1
1
1
1
1
1
1
1
1
1
1
1
1
1
1
1
1
1
1
1
1
1
1
1
1
1
1
1
1
1
1
1
1
1
1
1
1
1
1
1
1
1
1
1
1
1
1
1
1
1
1
1
1.00001
1
1
1
1
1
1
1
1
1
1
1
1
1
1
1
1
1
1
1
1
1
1
1
1
1
1
1
1
1
1
1
1
1
1
1
1
1
1
1
1
1
1
1
1
1
1
1
1
1
1
1
1
1
1
1
1
1
1
1
1
1
1
1
1
1
1
1
1
1
1
1
1
1
1
1
1
1
1
1
1
1
1
1
1
1
1
1
1
1
1
1
1
1
1
1
1
1
1
1
1
1
1
1
1
1
1
1
1
1
1
1
1
1
1
1
1
1
1
1
1
1
1
1
1
1
1
1
1
1
1
1
1
1
1
1
1
1
1
1
1
1
1
1
1
1
1
1
1
1
1
1
1
1
1
1
1
1
1
1
1
1
1
1
1
1
1
1
1
1
1
1
1
1
1
1
1
1
1
1
1
1
1
1
1
1
1
1
1
1
1
1
1
1
1
1
1
1
1
1
1
1
1
1
1
1
1
1
1
1
1
1
1
1
1
1
1
1
1
1
1
1
1
1
1
1
1
1
1
1
1
1
1
1
1
1
1
1
1
1
1
1
1
1
1
1
1
1
1
1
1
1
1
1
1
1
1
1
1
1
1
1
1
1
1
1
1
1
1
1
1
1
1
1
1
1
1
1
1
1
1
1
1
1
1
1
1
1
1
1
1
1
1
1
1
1
1
1
1
1
1
1
1
1
1
1
1
1
1
1
1
1
1
1
1
1
1
1
1
1
1
1
1
1
1
1
1
1
1
1
1
1
1
1
1
1
1
1
1
1
1
1
1
1
1
1
1
1
1
1
1
1
1
1
1
1
1
1
1
1
1
1
1
1
1
1
1
1
1
1
1
1
1
1
1
1
1
1
1
1
1
1
1
1
1
1
1
1
1
1
1
1
1
1
1
1
1
1
1
1
1
1
1
1
1
1
1
1
1
1
1
1
1
1
1
1
1
1
1
1
1
1
1
1
1
1
1
1
1
1
1
1
1
1
1
1
1
1
1
1
1
1
1
1
1
1
1
1
1
1
1
1
1
1
1
1
1
1
1
1
1
1
1
1
1
1
1
1
1
1
1
1
1
1
1
1
1
1
1
1
1
1
1
1
1
1
1
1
1
1
1
1
1
1
1
1
1
1
1
1
1
1
1
1
1
1
1
1
1
1
1
1
1
1
1
1
1
1
1
1
1
1
1
1
1
1
1
1
1
1
1
1
1
1
1
1
1
1
1
1
1
1
1
1
1
1
1
1
1
1
1
1
1
1
1
1
1
1
1
1
1
1
1
1
1
1
1
1
1
1
1
1
1
1
1
1
1
1
1
1
1
1
1
1
1
1
1
1
1
1
1
1
1
1
1
1
1
1
1
1
1
1
1
1
1
1
1
1
1
1
1
1
1
1
1
1
1
1
1
1
1
1
1
1
1
1
1
1
1
1
1
1
1
1
1
1
1
1
1
1
1
1
1
1
1
1
1
1
1
1
1
1
1
1
1
1
1
1
1
1
1
1
1
1
1
1
1
1
1
1
1
1
1
1
1
1
1
1
1
1
1
1
1
1
1
1
1
1
1
1
1
1
1
1
1
1
1
1
1
1
1
1
1
1
1
1
1
1
1
1
1
1
1
1
1
1
1
1
1
1
1
1
1
1
1
1
1
1
1
1
1
1
1
1
1
1
1
1
1
1
1
1
1
1
1
1
1
1
1
1
1
1
1
1
1
1
1
1
1
1
1
1
1
1
1
1
1
1
1
1
1
1
1
1
1
1
1
1
1
1
1
1
1
1
1
1
1
1
1
1
1
1
1
1
1
1
1
1
1
1
1
1
1
1
1
1
1
1
1
1
1
1
1
1
1
1
1
1
1
1
1
1
1
1
1
1
1
1
1
1
1
1
1
1
1
1
1
1
1
1
1
1
1
1
1
1
1
1
1
1
1
1
1
1
1
1
1
1
1
1
1
1
1
1
1
1
1
1
1
1
1
1
1
1
1
1
1
1
1
1
1
)
;

boundaryField
{
    inlet
    {
        type            fixedValue;
        value           uniform 1;
    }
    outlet
    {
        type            zeroGradient;
    }
    bottom
    {
        type            symmetryPlane;
    }
    top
    {
        type            symmetryPlane;
    }
    obstacle
    {
        type            zeroGradient;
    }
    defaultFaces
    {
        type            empty;
    }
}


// ************************************************************************* //
