/*--------------------------------*- C++ -*----------------------------------*\
| =========                 |                                                 |
| \\      /  F ield         | OpenFOAM: The Open Source CFD Toolbox           |
|  \\    /   O peration     | Version:  2206                                  |
|   \\  /    A nd           | Website:  www.openfoam.com                      |
|    \\/     M anipulation  |                                                 |
\*---------------------------------------------------------------------------*/
FoamFile
{
    version     2.0;
    format      ascii;
    arch        "LSB;label=32;scalar=64";
    class       volScalarField;
    location    "0.12";
    object      p;
}
// * * * * * * * * * * * * * * * * * * * * * * * * * * * * * * * * * * * * * //

dimensions      [1 -1 -2 0 0 0 0];

internalField   nonuniform List<scalar> 
4800
(
1
1
1
1
1
1
1
1
1
1
1
1
1
1
1
1
1
1
1
1
1
1
1
1
1
1
1
1
1
1
1
1
1
1
1
1
1
1
1
1
1
1
1
1
1
1
1
1
1
1
1
1
1
1
1
1
1
1
1
1
1
1
1
1
1
1
1
1
1
1
1
1
1
1
1
1
1
1
1
1
1
1
1
1
1
1
1
1
1
1
1
1
1
1
1
1
1
1
1
1
1
1
1
1
1
1
1
1
1
1
1
1
1
1
1
1
1
1
1
1
1
1
1
1
1
1
1
1
1
1
1
1
1
1
1
1
1
1
1
1
1
1
1
1
1
1
1
1
1
1
1
1
1
1
1
1
1
1
1
1
1
1
1
1
1
1
1
1
1
1
1
1
1
1
1
1
1
1
1
1
1
1
1
1
1
1
1
1
1
1
1
1
1
1
1
1
1
1
1
1
1
1
1
1
1
1
1
1
1
1
1
1
1
1
1
1
1
1
1
1
1
1
1
1
1
1
1
1
1
1
1
1
1
1
1
1
1
1
1
1
1
1
1
1
1
1
1
1
1
1
1
1
1
1
1
1
1
1
1
1
1
1
1
1
1
1
1
1
1
1
1
1
1
1
1
1
1
1
1
1
1
1
1
1
1
1
1
1
1
1
1
1
1
1
1
1
1
1
1
1
1
1
1
1
1
1
1
1
1
1
1
1
1
1
1
1
1
1
1
1
1
1
1
1
1
1
1
1
1
1
1
1
1
1
1
1
1
1
1
1
1
1
1
1
1
1
1
1
1
1
1
1
1
1
1
1
1
1
1
1
1
1
1
1
1
1
1
1
1
1
1
1
1
1
1
1
1
1
1
1
1
1
1
1
1
1
1
1
1
1
1
1
1
1
1
1
1
1
1
1
1
1
1
1
1
1
1
1
1
1
1
1
1
1
1
1
1
1
1
1
1
1
1
1
1
1
1
1
1
1
1
1
1
1
1
1
1
1
1
1
1
1
1
1
1
1
1
1
1
1
1
1
1
1
1
1
1
1
1
1
1
1
1
1
1
1
1
1
1
1
1
1
1
1
1
1
1
1
1
1
1
1
1
1
1
1
1
1
1
1
1
1
1
1
1
1
1
1
1
1
1
1
1
1
1
1
1
1
1
1
1
1
1
1
1
1
1
1
1
1
1
1
1
1
1
1
1
1
1
1
1
1
1
1
1
1
1
1
1
1
1
1
1
1
1
1
1
1
1
1
1
1
1
1
1
1
1
1
1
1
1
1
1
1
1
1
1
1
1
1
1
1
1
1
1
1
1
1
1
1
1
1
1
1
1
1
1
1
1
1
1
1
1
1
1
1
1
1
1
1
1
1
1
1
1
1
1
1
1
1
1
1
1
1
1
1
1
1
1
1
1
1
1
1
1
1
1
1
1
1
1
1
1
1
1
1
1
1
1
1
1
1
1
1
1
1
1
1
1
1
1
1
1
1
1
1
1
1
1
1
1
1
1
1
1
1
1
1
1
1
1
1
1
1
1
1
1
1
1
1
1
1
1
1
1
1
1
1
1
1
1
1
1
1
1
1
1
1
1
1
1
1
1
1
1
1
1
1
1
1
1
1
1
1
1
1
1
1
1
1
1
1
1
1
1
1
1
1
1
1
1
1
1
1
1
1
1
1
1
1
1
1
1
1
1
1
1
1
1
1
1
1
1
1
1
1
1
1
1
1
1
1
1
1
1
1
1
1
1
1
1
1
1
1
1
1
1
1
1
1
1
1
1
1
1
1
1
1
1
1
1
1
1
1
1
1
1
1
1
1
1
1
1
1
1
1
1
1
1
1
1
1
1
1
1
1
1
1
1
1
1
1
1
1
1
1
1
1
1
1
1
1
1
1
1
1
1
1
1
1
1
1
1
1
1
1
1
1
1
1
1
1
1
1
1
1
1
1
1
1
1
1
1
1
1
1
1
1
1
1
1
1
1
1
1
1
1
1
1
1
1
1
1
1
1
1
1
1
1
1
1
1
1
1
1
1
1
1
1
1
1
1
1
1
1
1
1
1
1
1
1
1
1
1
1
1
1
1
1
1
1
1
1
1
1
1
1
1
1
1
1
1
1
1
1
1
1
1
1
1
1
1
1
1
1
1
1
1
1
1
1
1
1
1
1
1
1
1
1
1
1
1
1
1
1
1
1
1
1
1
1
1
1
1
1
1
1
1
1
1
1
1
1
1
1
1
1
1
1
1
1
1
1
1
1
1
1
1
1
1
1
1
1
1
1
1
1
1
1
1
1
1
1
1
1
1
1
1
1
1
1
1
1
1
1
1
1
1
1
1
1
1
1
1
1
1
1
1
1
1
1
1
1
1
1
1
1
1
1
1
1
1
1
1
1
1
1
1
1
1
1
1
1
1
1
1
1
1
1
1
1
1
1
1
1
1
1
1
1
1
1
1
1
1
1
1
1
1
1
1
1
1
1
1
1
1
1
1
1
1
1
1
1
1
1
1
1
1
1
1
1
1
1
1
1
1
1
1
1
1
1
1
1
1
1
1
1
1
1
1
1
1
1
1
1
1
1
1
1
1
1
1
1
1
1
1
1
1
1
1
1
1
1
1
1
1
1
1
1
1
1
1
1
1
1
1
1
1
1
1
1
1
1
1
1
1
1
1
1
1
1
1
1
1
1
1
1
1
1
1
1
1
1
1
1
1
1
1
1
1
1
1
1
1
1
1
1
1
1
1
1
1
1
1
1
1
1
1
1
1
1
1
1
1
1
1
1
1
1
1
1
1
1
1
1
1
1
1
1
1
1
1
1
1
1
1
1
1
1
1
1
1
1
1
1
1
1
1
1
1
1
1
1
1
1
1
1
1
1
1
1
1
1
1
1
1
1
1
1
1
1
1
1
1
1
1
1
1
1
1
1
1
1
1
1
1
1
1
1
1
1
1
1
1
1
1
1
1
1
1
1
1
1
1
1
1
1
1
1
1
1
1
1
1
1
1
1
1
1
1
1
1
1
1
1
1
1
1
1
1
1
1
1
1
1
1
1
1
1
1
1
1
1
1
1
1
1
1
1
1
1
1
1
1
1
1
1
1
1
1
1
1
1
1
1
1
1
1
1
1
1
1
1
1
1
1
1
1
1
1
1
1
1
1
1
1
1
1
1
1
1
1
1
1
1
1
1
1
1
1
1
1
1
1
1
1
1
1
1
1
1
1
1
1
1
1
1
1
1
1
1
1
1
1
1
1
1
1
1
1
1
1
1
1
1
1
1
1
1
1
1
1
1
1
1
1
1
1
1
1
1
1
1
1
1
1
1
1
1
1
1
1
1
1
1
1
1
1
1
1
1
1
1
1
1
1
1
1
1
1
1
1
1
1
1
1
1
1
1
1
1
1
1
1
1
1
1
1
1
1
1
1
1
1
1
1
1
1
1
1
1
1
1
1
1
1
1
1
1
1
1
1
1
1
1
1
1
1
1
1
1
1
1
1
1
1
1
1
1
1
1
1
1
1
1
1
1
1
1
1
1
1
1
1
1
1
1
1
1
1
1
1
1
1
1
1
1
1
1
1
1
1
1
1
1
1
1
1
1
1
1
1
1
1
1
1
1
1
1
1
1.25477
1.65675
2.1468
2.69872
3.28678
4.05572
4.9643
5.58621
6.19696
7.38543
8.71783
9.05765
9.28904
9.87925
11.0328
11.4411
11.3868
11.4745
11.4777
11.2968
10.8093
10.0654
9.41416
8.90933
8.3485
7.61603
6.93964
6.74762
6.73586
6.64149
6.50341
6.52141
6.59466
6.68807
6.77116
6.84694
6.93535
7.08105
7.21787
7.23404
7.20915
7.14644
7.11711
7.12024
7.14163
7.19781
7.31371
7.41016
7.43559
7.4369
7.41382
7.33255
7.20428
7.124
7.11522
7.16109
7.33062
7.48143
7.5181
7.5061
7.4502
7.34795
7.20582
7.10547
7.08729
7.11525
7.24517
7.45621
7.5876
7.6201
7.6017
7.52174
7.38811
7.21244
7.0893
7.05959
7.0759
7.17005
7.39649
7.59062
1
0.999999
0.999999
0.999999
0.999675
0.996012
1.00829
1.17914
1.22943
1.27277
1.55513
2.1169
2.5801
2.92464
3.61568
4.6173
5.13011
5.57115
6.29068
6.78197
7.09868
7.25904
7.52451
8.13036
8.10198
7.85238
7.80336
7.82374
7.86366
7.85603
7.69065
7.49858
7.3225
7.1976
7.02754
6.90229
6.91208
6.96236
7.02517
7.0817
7.09792
7.10747
7.13574
7.16528
7.18684
7.19367
7.19961
7.23002
7.30387
7.3557
7.36397
7.33316
7.2919
7.27081
7.24526
7.24715
7.26197
7.27665
7.34208
7.39261
7.39229
7.35878
7.33381
7.30453
7.2697
7.27088
7.29896
7.31074
7.33697
7.40285
7.44293
7.43357
7.37221
7.34146
7.31583
7.27875
7.28676
7.33417
7.37101
7.38308
1
1
1
1
1
1
0.999988
1
1
1
1
0.999999
0.999999
0.997947
1.0029
1.12249
1.31996
1.49901
1.99852
2.94536
3.96985
5.15876
6.46476
7.95584
8.44866
8.55081
8.6564
8.69094
8.66485
8.63832
8.54114
8.31936
8.01661
7.58178
7.16611
6.94731
6.93115
6.99151
7.03472
7.03662
7.06445
7.09741
7.14586
7.22795
7.26473
7.26004
7.19643
7.13284
7.13481
7.16868
7.25667
7.34703
7.36585
7.36572
7.36388
7.33659
7.25624
7.2107
7.20382
7.23396
7.34221
7.4065
7.41281
7.4128
7.40466
7.3817
7.33902
7.26364
7.21747
7.20447
7.23196
7.35168
7.45
7.4734
7.47569
7.46172
7.43153
7.41949
7.37979
7.30327
1
1
1
1
1
1
1
1
1
1
1
1
1
1
1
1
1
1
0.999999
0.997532
1.02096
1.23634
1.67498
2.4893
3.92982
5.0226
6.25062
7.03046
7.35706
7.82657
7.84855
7.74867
7.75273
7.80403
7.78339
7.6365
7.56794
7.52704
7.44965
7.2731
7.17702
7.15246
7.15107
7.19185
7.19048
7.13755
7.03749
6.9526
6.96517
7.03317
7.16184
7.34559
7.45154
7.47562
7.47089
7.38769
7.2244
7.12591
7.11187
7.12546
7.2088
7.35729
7.45958
7.49962
7.50093
7.47395
7.38817
7.255
7.14843
7.12995
7.14854
7.23664
7.41467
7.53818
7.55717
7.54348
7.51608
7.46907
7.35817
7.25688
1
1
1
1
1
1
1
1
1
1
1
1
1
1
1
1
1
1
1
1
1
1
1
0.997889
1.05834
1.25772
1.59502
2.5348
3.73772
4.97976
5.96536
6.60657
7.55344
8.0226
8.08773
8.2465
8.25076
8.1607
7.95912
7.58759
7.11233
7.02702
7.10563
7.23686
7.26352
7.21456
7.1065
6.99041
6.97089
6.99967
7.07725
7.2403
7.40049
7.44538
7.44617
7.38641
7.26332
7.15268
7.13599
7.14723
7.19434
7.28887
7.39848
7.48611
7.51766
7.50214
7.40838
7.26449
7.17388
7.15913
7.17343
7.21478
7.30919
7.4414
7.53403
7.57509
7.56507
7.46914
7.33738
7.27515
1
1
1
1
1
1
1
1
1
1
1
1
1
1
1
1
1
1
1
1
1
1
1
1
0.999995
1
1
0.997767
1.03833
1.14978
1.6663
2.48538
3.41317
4.63831
5.59791
6.81992
7.43025
7.52081
7.52486
7.22662
7.11792
7.15441
7.31693
7.50335
7.55952
7.53208
7.42076
7.27294
7.14283
7.07191
7.04118
7.05188
7.11906
7.18562
7.24144
7.26498
7.25654
7.26595
7.25091
7.26143
7.29305
7.29318
7.28989
7.30761
7.3517
7.37924
7.3729
7.36495
7.33156
7.27404
7.26598
7.29781
7.3487
7.36867
7.38392
7.39197
7.39202
7.39222
7.39222
7.38116
1
1
1
1
1
1
1
1
1
1
1
1
1
1
1
1
1
1
1
1
1
1
1
1
1
1
1
1
1
1
1
0.997978
1.01128
1.25574
1.76
2.49742
3.64632
4.71525
6.04619
6.79296
7.06066
7.46542
7.64443
7.63816
7.65498
7.64919
7.592
7.47579
7.31013
7.16009
7.06609
7.03695
7.0224
7.01766
7.04635
7.16982
7.33338
7.42788
7.45205
7.44832
7.38121
7.25742
7.16908
7.14432
7.1514
7.23898
7.37163
7.44008
7.48284
7.49919
7.49111
7.4519
7.37389
7.26044
7.21045
7.20105
7.2135
7.2778
7.39107
7.46793
1
1
1
1
1
1
1
1
1
1
1
1
1
1
1
1
1
1
1
1
1
1
1
1
1
1
1
1
1
1
1
1
1
1
1
0.997704
1.07418
1.28689
1.64346
2.65401
3.90859
5.3958
6.10021
6.44197
6.90523
7.07303
7.12747
7.21033
7.38451
7.47111
7.43355
7.29711
7.09502
7.00423
7.02225
7.08546
7.26194
7.40321
7.46002
7.48056
7.42349
7.19676
7.07078
7.06537
7.09497
7.18674
7.34663
7.47745
7.51845
7.53602
7.5411
7.49592
7.34128
7.22937
7.18993
7.19084
7.20541
7.22696
7.28672
7.44204
1
1
1
1
1
1
1
1
1
1
1
1
1
1
1
1
1
1
1
1
1
1
1
1
1
1
1
1
1
1
1
1
1
1
1
1
1
1
0.998868
1.00669
1.11255
1.4043
2.2551
3.20085
4.20203
5.14318
5.94086
6.65165
7.18136
7.53868
7.57942
7.51864
7.32122
7.0727
7.00469
7.02376
7.07343
7.25466
7.40382
7.43733
7.43024
7.32745
7.17992
7.14007
7.14102
7.18683
7.25003
7.29332
7.36022
7.44334
7.49975
7.4968
7.47069
7.4216
7.33217
7.25223
7.23598
7.2485
7.29772
7.36237
1
1
1
1
1
1
1
1
1
1
1
1
1
1
1
1
1
1
1
1
1
1
1
1
1
1
1
1
1
1
1
1
1
1
1
1
1
1
1
1
1
1
0.998107
1.02087
1.10722
1.65338
2.59539
3.68119
4.60588
5.64694
6.89189
7.19191
7.20113
7.08143
7.11212
7.03719
7.01048
7.02363
7.13811
7.30258
7.3523
7.31439
7.31798
7.36549
7.41831
7.41638
7.30518
7.19045
7.17124
7.17781
7.23562
7.36236
7.4493
7.46952
7.49721
7.50781
7.48273
7.39882
7.29714
7.28733
1
1
1
1
1
1
1
1
1
1
1
1
1
1
1
1
1
1
1
1
1
1
1
1
1
1
1
1
1
1
1
1
1
1
1
1
1
1
1
1
1
1
1
1
1
0.999319
1.00026
1.09325
1.51328
2.10001
3.19668
4.38699
5.48228
6.50253
7.02869
7.19845
7.16037
7.04915
6.97336
6.98732
7.06473
7.2458
7.40235
7.5162
7.60847
7.62861
7.55825
7.27635
7.05854
7.05251
7.09961
7.19628
7.34273
7.47994
7.54303
7.57994
7.59093
7.56291
7.43847
7.27341
1
1
1
1
1
1
1
1
1
1
1
1
1
1
1
1
1
1
1
1
1
1
1
1
1
1
1
1
1
1
1
1
1
1
1
1
1
1
1
1
1
1
1
1
1
1
1
1
0.999989
0.998005
1.03805
1.39283
1.95713
2.88076
4.03461
5.66744
6.9322
7.0121
6.9083
6.89915
6.75438
6.75667
7.03247
7.39809
7.61417
7.64143
7.59965
7.45351
7.23654
7.10354
7.10223
7.16015
7.2537
7.292
7.33427
7.43435
7.51451
7.51411
7.45079
7.39264
1
1
1
1
1
1
1
1
1
1
1
1
1
1
1
1
1
1
1
1
1
1
1
1
1
1
1
1
1
1
1
1
1
1
1
1
1
1
1
1
1
1
1
1
1
1
1
1
1
1
0.999996
1
0.998188
1.03931
1.26689
1.85565
3.20798
4.42462
5.65013
6.45668
6.70967
6.67476
6.71251
6.86795
7.26838
7.52556
7.5051
7.46017
7.38082
7.37455
7.41323
7.39751
7.31792
7.23278
7.19987
7.21816
7.2593
7.30127
7.33554
7.40012
1
1
1
1
1
1
1
1
1
1
1
1
1
1
1
1
1
1
1
1
1
1
1
1
1
1
1
1
1
1
1
1
1
1
1
1
1
1
1
1
1
1
1
1
1
1
1
1
1
1
1
1
1
1
1
0.998175
1.08345
1.39531
1.81733
2.69874
4.42085
6.46145
6.57892
6.61006
6.91976
7.15883
7.0554
7.03688
7.18387
7.44239
7.62402
7.61759
7.55375
7.42261
7.25011
7.1861
7.1831
7.17988
7.17884
7.2855
1
1
1
1
1
1
1
1
1
1
1
1
1
1
1
1
1
1
1
1
1
1
1
1
1
1
1
1
1
1
1
1
1
1
1
1
1
1
1
1
1
1
1
1
1
1
1
1
1
1
1
1
1
1
1
1
1
0.999967
0.998338
1.03755
1.31446
2.50207
3.94821
5.00513
6.15224
6.82003
6.61629
6.47003
6.62716
7.10786
7.56435
7.62839
7.60272
7.55232
7.47937
7.40779
7.2831
7.17983
7.13672
7.21135
1
1
1
1
1
1
1
1
1
1
1
1
1
1
1
1
1
1
1
1
1
1
1
1
1
1
1
1
1
1
1
1
1
1
1
1
1
1
1
1
1
1
1
1
1
1
1
1
1
1
1
1
1
1
1
1
1
1
1
1
0.999116
1.02152
1.29146
1.60315
2.28033
3.89881
6.11238
6.29724
6.42472
6.88659
7.36501
7.3414
7.25061
7.33422
7.42837
7.42337
7.40562
7.37344
7.33981
7.31331
1
1
1
1
1
1
1
1
1
1
1
1
1
1
1
1
1
1
1
1
1
1
1
1
1
1
1
1
1
1
1
1
1
1
1
1
1
1
1
1
1
1
1
1
1
1
1
1
1
1
1
1
1
1
1
1
1
1
1
1
1
1
0.999995
0.998857
1.01269
1.15691
2.31941
4.09432
5.2516
6.35583
7.10545
7.01227
6.72057
6.74045
6.92894
7.2174
7.448
7.5015
7.52053
7.53607
1
1
1
1
1
1
1
1
1
1
1
1
1
1
1
1
1
1
1
1
1
1
1
1
1
1
1
1
1
1
1
1
1
1
1
1
1
1
1
1
1
1
1
1
1
1
1
1
1
1
1
1
1
1
1
1
1
1
1
1
1
1
1
1
0.999996
0.999474
1.03079
1.44805
1.98323
2.85597
4.61314
6.73736
6.89377
6.70624
6.77361
7.08643
7.26765
7.23357
7.31495
7.51405
1
1
1
1
1
1
1
1
1
1
1
1
1
1
1
1
1
1
1
1
1
1
1
1
1
1
1
1
1
1
1
1
1
1
1
1
1
1
1
1
1
1
1
1
1
1
1
1
1
1
1
1
1
1
1
1
1
1
1
1
1
1
1
1
1
1
0.999994
1
1.00435
1.06381
1.36246
2.98403
4.88102
5.92672
6.8501
7.26172
7.25745
7.06186
6.97163
7.20662
1
1
1
1
1
1
1
1
1
1
1
1
1
1
1
1
1
1
1
1
1
1
1
1
1
1
1
1
1
1
1
1
1
1
1
1
1
1
1
1
1
1
1
1
1
1
1
1
1
1
1
1
1
1
1
1
1
1
1
1
1
1
1
1
1
1
1
1
0.999999
0.999909
0.99987
1.1025
1.97145
3.02669
4.23361
6.2518
7.32497
7.31087
7.10826
7.15847
1
1
1
1
1
1
1
1
1
1
1
1
1
1
1
1
1
1
1
1
1
1
1
1
1
1
1
1
1
1
1
1
1
1
1
1
1
1
1
1
1
1
1
1
1
1
1
1
1
1
1
1
1
1
1
1
1
1
1
1
1
1
1
1
1
1
1
1
1
0.999999
0.999997
0.99977
1.00993
1.12341
1.48961
2.6034
5.04623
6.32648
6.92433
7.13532
1
1
1
1
1
1
1
1
1
1
1
1
1
1
1
1
1
1
1
1
1
1
1
1
1
1
1
1
1
1
1
1
1
1
1
1
1
1
1
1
1
1
1
1
1
1
1
1
1
1
1
1
1
1
1
1
1
1
1
1
1
1
1
1
1
1
1
1
1
1
1
0.999993
1
0.999899
1.00134
1.05347
1.6783
3.75453
5.67343
6.65885
1
1
1
1
1
1
1
1
1
1
1
1
1
1
1
1
1
1
1
1
1
1
1
1
1
1
1
1
1
1
1
1
1
1
1
1
1
1
1
1
1
1
1
1
1
1
1
1
1
1
1
1
1
1
1
1
1
1
1
1
1
1
1
1
1
1
1
1
1
1
1
1
1
0.999995
0.999995
0.999905
1.01106
1.41081
2.13544
4.35738
1
1
1
1
1
1
1
1
1
1
1
1
1
1
1
1
1
1
1
1
1
1
1
1
1
1
1
1
1
1
1
1
1
1
1
1
1
1
1
1
1
1
1
1
1
1
1
1
1
1
1
1
1
1
1
1
1
1
1
1
1
1
1
1
1
1
1
1
1
1
1
1
1
1
1
0.999998
0.99995
1.00229
1.01875
1.8187
1
1
1
1
1
1
1
1
1
1
1
1
1
1
1
1
1
1
1
1
1
1
1
1
1
1
1
1
1
1
1
1
1
1
1
1
1
1
1
1
1
1
1
1
1
1
1
1
1
1
1
1
1
1
1
1
1
1
1
1
1
1
1
1
1
1
1
1
1
1
1
1
1
1
1
1
0.999995
0.999993
1.00001
1.04514
1
1
1
1
1
1
1
1
1
1
1
1
1
1
1
1
1
1
1
1
1
1
1
1
1
1
1
1
1
1
1
1
1
1
1
1
1
1
1
1
1
1
1
1
1
1
1
1
1
1
1
1
1
1
1
1
1
1
1
1
1
1
1
1
1
1
1
1
1
1
1
1
1
1
1
1
1
1
1
1.00046
1
1
1
1
1
1
1
1
1
1
1
1
1
1
1
1
1
1
1
1
1
1
1
1
1
1
1
1
1
1
1
1
1
1
1
1
1
1
1
1
1
1
1
1
1
1
1
1
1
1
1
1
1
1
1
1
1
1
1
1
1
1
1
1
1
1
1
1
1
1
1
1
1
1
1
1
1
1
1
1
1
1
1
1
1
1
1
1
1
1
1
1
1
1
1
1
1
1
1
1
1
1
1
1
1
1
1
1
1
1
1
1
1
1
1
1
1
1
1
1
1
1
1
1
1
1
1
1
1
1
1
1
1
1
1
1
1
1
1
1
1
1
1
1
1
1
1
1
1
1
1
1
1
1
1
1
1
1
1
1
1
1
1
1
1
1
1
1
1
1
1
1
1
1
1
1
1
1
1
1
1
1
1
1
1
1
1
1
1
1
1
1
1
1
1
1
1
1
1
1
1
1
1
1
1
1
1
1
1
1
1
1
1
1
1
1
1
1
1
1
1
1
1
1
1
1
1
1
1
1
1
1
1
1
1
1
1
1
1
1
1
1
1
1
1
1
1
1
1
1
1
1
1
1
1
1
1
1
1
1
1
1
1
1
1
1
1
1
1
1
1
1
1
1
1
1
1
1
1
1
1
1
1
1
1
1
1
1
1
1
1
1
1
1
1
1
1
1
1
1
1
1
1
1
1
1
1
1
1
1
1
1
1
1
1
1
1
1
1
1
1
1
1
1
1
1
1
1
1
1
1
1
1
1
1
1
1
1
1
1
1
1
1
1
1
1
1
1
1
1
1
1
1
1
1
1
1
1
1
1
1
1
1
1
1
1
1
1
1
1
1
1
1
1
1
1
1
1
1
1
1
1
1
1
1
1
1
1
1
1
1
1
1
1
1
1
1
1
1
1
1
1
1
1
1
1
1
1
1
1
1
1
1
1
1
1
1
1
1
1
1
1
1
1
1
1
1
1
1
1
1
1
1
1
1
1
1
1
1
1
1
1
1
1
1
1
1
1
1
1
1
1
1
1
1
1
1
1
1
1
1
1
1
1
1
1
1
1
1
1
1
1
1
1
1
1
1
1
1
1
1
1
1
1
1
1
1
1
1
1
1
1
1
1
1
1
1
1
1
1
1
1
1
1
1
1
1
1
1
1
1
1
1
1
1
1
1
1
1
1
1
1
1
1
1
1
1
1
1
1
1
1
1
1
1
1
1
1
1
1
1
1
1
1
1
1
1
1
1
1
1
1
1
1
1
1
1
1
1
1
1
1
1
1
1
1
1
1
1
1
1
1
1
1
1
1
1
1
1
1
1
1
1
1
1
1
1
1
1
1
1
1
1
1
1
1
1
1
1
1
1
1
1
1
1
1
1
1
1
1
1
1
1
1
1
1
1
1
1
1
1
1
1
1
1
1
1
1
1
1
1
1
1
1
1
1
1
1
1
1
1
1
1
1
1
1
1
1
1
1
1
1
1
1
1
1
1
1
1
1
1
1
1
1
1
1
1
1
1
1
1
1
1
1
1
1
1
1
1
1
1
1
1
1
1
1
1
1
1
1
1
1
1
1
1
1
1
1
1
1
1
1
1
1
1
1
1
1
1
1
1
1
1
1
1
1
1
1
1
1
1
1
1
1
1
1
1
1
1
1
1
1
1
1
1
1
1
1
1
1
1
1
1
1
1
1
1
1
1
1
1
1
1
1
1
1
1
1
1
1
1
1
1
1
1
1
1
1
1
1
1
1
1
1
1
1
1
1
1
1
1
1
1
1
1
1
1
1
1
1
1
1
1
1
1
1
1
1
1
1
1
1
1
1
1
1
1
1
1
1
1
1
1
1
1
1
1
1
1
1
1
1
1
1
1
1
1
1
1
1
1
1
1
1
1
1
1
1
1
1
1
1
1
1
1
1
1
1
1
1
1
1
1
1
1
1
1
1
1
1
1
1
1
1
1
1
1
1
1
1
1
1
1
1
1
1
1
1
1
1
1
1
1
1
1
1
1
1
1
1
1
1
1
1
1
1
1
1
1
1
1
1
1
1
1
1
1
1
1
1
1
1
1
1
1
1
1
1
1
1
1
1
1
1
1
1
1
1
1
1
1
1
1
1
1
1
1
1
1
1
1
1
1
1
1
1
1
1
1
1
1
1
1
1
1
1
1
1
1
1
1
1
1
1
1
1
1
1
1
1
1
1
1
1
1
1
1
1
1
1
1
1
1
1
1
1
1
1
1
1
1
1
1
1
1
1
1
1
1
1
1
1
1
1
1
1
1
1
1
1
1
1
1
1
1
1
1
1
1
1
1
1
1
1
1
1
1
1
1
1
1
1
1
1
1
1
1
1
1
1
1
1
1
1
1
1
1
1
1
1
1
1
1
1
1
1
1
1
1
1
1
1
1
1
1
1
1
1
1
1
1
1
1
1
1
1
1
1
1
1
1
1
1
1
1
1
1
1
1
1
1
1
1
1
1
1
1
1
1
1
1
1
1
1
1
1
1
1
1
1
1
1
1
1
1
1
1
1
1
1
)
;

boundaryField
{
    inlet
    {
        type            fixedValue;
        value           uniform 1;
    }
    outlet
    {
        type            zeroGradient;
    }
    bottom
    {
        type            symmetryPlane;
    }
    top
    {
        type            symmetryPlane;
    }
    obstacle
    {
        type            zeroGradient;
    }
    defaultFaces
    {
        type            empty;
    }
}


// ************************************************************************* //
