/*--------------------------------*- C++ -*----------------------------------*\
| =========                 |                                                 |
| \\      /  F ield         | OpenFOAM: The Open Source CFD Toolbox           |
|  \\    /   O peration     | Version:  2206                                  |
|   \\  /    A nd           | Website:  www.openfoam.com                      |
|    \\/     M anipulation  |                                                 |
\*---------------------------------------------------------------------------*/
FoamFile
{
    version     2.0;
    format      ascii;
    arch        "LSB;label=32;scalar=64";
    class       volScalarField;
    location    "0.12";
    object      p;
}
// * * * * * * * * * * * * * * * * * * * * * * * * * * * * * * * * * * * * * //

dimensions      [1 -1 -2 0 0 0 0];

internalField   nonuniform List<scalar> 
4800
(
1
1
1
1
1
1
1
1
1
1
1
1
1
1
1
1
1
1
1
1
1
1
1
1
1
1
1
1
1
1
1
1
1
1
1
1
1
1
1
1
1
1
1
1
1
1
1
1
1
1
1
1
1
1
1
1
1
1
1
1
1
1
1
1
1
1
1
1
1
1
1
1
1
1
1
1
1
1
1
1
1
1
1
1
1
1
1
1
1
1
1
1
1
1
1
1
1
1
1
1
1
1
1
1
1
1
1
1
1
1
1
1
1
1
1
1
1
1
1
1
1
1
1
1
1
1
1
1
1
1
1
1
1
1
1
1
1
1
1
1
1
1
1
1
1
1
1
1
1
1
1
1
1
1
1
1
1
1
1
1
1
1
1
1
1
1
1
1
1
1
1
1
1
1
1
1
1
1
1
1
1
1
1
1
1
1
1
1
1
1
1
1
1
1
1
1
1
1
1
1
1
1
1
1
1
1
1
1
1
1
1
1
1
1
1
1
1
1
1
1
1
1
1
1
1
1
1
1
1
1
1
1
1
1
1
1
1
1
1
1
1
1
1
1
1
1
1
1
1
1
1
1
1
1
1
1
1
1
1
1
1
1
1
1
1
1
1
1
1
1
1
1
1
1
1
1
1
1
1
1
1
1
1
1
1
1
1
1
1
1
1
1
1
1
1
1
1
1
1
1
1
1
1
1
1
1
1
1
1
1
1
1
1
1
1
1
1
1
1
1
1
1
1
1
1
1
1
1
1
1
1
1
1
1
1
1
1
1
1
1
1
1
1
1
1
1
1
1
1
1
1
1
1
1
1
1
1
1
1
1
1
1
1
1
1
1
1
1
1
1
1
1
1
1
1
1
1
1
1
1
1
1
1
1
1
1
1
1
1
1
1
1
1
1
1
1
1
1
1
1
1
1
1
1
1
1
1
1
1
1
1
1
1
1
1
1
1
1
1
1
1
1
1
1
1
1
1
1
1
1
1
1
1
1
1
1
1
1
1
1
1
1
1
1
1
1
1
1
1
1
1
1
1
1
1
1
1
1
1
1
1
1
1
1
1
1
1
1
1
1
1
1
1
1
1
1
1
1
1
1
1
1
1
1
1
1
1
1
1
1
1
1
1
1
1
1
1
1
1
1
1
1
1
1
1
1
1
1
1
1
1
1
1
1
1
1
1
1
1
1
1
1
1
1
1
1
1
1
1
1
1
1
1
1
1
1
1
1
1
1
1
1
1
1
1
1
1
1
1
1
1
1
1
1
1
1
1
1
1
1
1
1
1
1
1
1
1
1
1
1
1
1
1
1
1
1
1
1
1
1
1
1
1
1
1
1
1
1
1
1
1
1
1
1
1
1
1
1
1
1
1
1
1
1
1
1
1
1
1
1
1
1
1
1
1
1
1
1
1
1
1
1
1
1
1
1
1
1
1
1
1
1
1
1
1
1
1
1
1
1
1
1
1
1
1
1
1
1
1
1
1
1
1
1
1
1
1
1
1
1
1
1
1
1
1
1
1
1
1
1
1
1
1
1
1
1
1
1
1
1
1
1
1
1
1
1
1
1
1
1
1
1
1
1
1
1
1
1
1
1
1
1
1
1
1
1
1
1
1
1
1
1
1
1
1
1
1
1
1
1
1
1
1
1
1
1
1
1
1
1
1
1
1
1
1
1
1
1
1
1
1
1
1
1
1
1
1
1
1
1
1
1
1
1
1
1
1
1
1
1
1
1
1
1
1
1
1
1
1
1
1
1
1
1
1
1
1
1
1
1
1
1
1
1
1
1
1
1
1
1
1
1
1
1
1
1
1
1
1
1
1
1
1
1
1
1
1
1
1
1
1
1
1
1
1
1
1
1
1
1
1
1
1
1
1
1
1
1
1
1
1
1
1
1
1
1
1
1
1
1
1
1
1
1
1
1
1
1
1
1
1
1
1
1
1
1
1
1
1
1
1
1
1
1
1
1
1
1
1
1
1
1
1
1
1
1
1
1
1
1
1
1
1
1
1
1
1
1
1
1
1
1
1
1
1
1
1
1
1
1
1
1
1
1
1
1
1
1
1
1
1
1
1
1
1
1
1
1
1
1
1
1
1
1
1
1
1
1
1
1
1
1
1
1
1
1
1
1
1
1
1
1
1
1
1
1
1
1
1
1
1
1
1
1
1
1
1
1
1
1
1
1
1
1
1
1
1
1
1
1
1
1
1
1
1
1
1
1
1
1
1
1
1
1
1
1
1
1
1
1
1
1
1
1
1
1
1
1
1
1
1
1
1
1
1
1
1
1
1
1
1
1
1
1
1
1
1
1
1
1
1
1
1
1
1
1
1
1
1
1
1
1
1
1
1
1
1
1
1
1
1
1
1
1
1
1
1
1
1
1
1
1
1
1
1
1
1
1
1
1
1
1
1
1
1
1
1
1
1
1
1
1
1
1
1
1
1
1
1
1
1
1
1
1
1
1
1
1
1
1
1
1
1
1
1
1
1
1
1
1
1
1
1
1
1
1
1
1
1
1
1
1
1
1
1
1
1
1
1
1
1
1
1
1
1
1
1
1
1
1
1
1
1
1
1
1
1
1
1
1
1
1
1
1
1
1
1
1
1
1
1
1
1
1
1
1
1
1
1
1
1
1
1
1
1
1
1
1
1
1
1
1
1
1
1
1
1
1
1
1
1
1
1
1
1
1
1
1
1
1
1
1
1
1
1
1
1
1
1
1
1
1
1
1
1
1
1
1
1
1
1
1
1
1
1
1
1
1
1
1
1
1
1
1
1
1
1
1
1
1
1
1
1
1
1
1
1
1
1
1
1
1
1
1
1
1
1
1
1
1
1
1
1
1
1
1
1
1
1
1
1
1
1
1
1
1
1
1
1
1
1
1
1
1
1
1
1
1
1
1
1
1
1
1
1
1
1
1
1
1
1
1
1
1
1
1
1
1
1
1
1
1
1
1
1
1
1
1
1
1
1
1
1
1
1
1
1
1
1
1
1
1
1
1
1
1
1
1
1
1
1
1
1
1
1
1
1
1
1
1
1
1
1
1
1
1
1
1
1
1
1
1
1
1
1
1
1
1
1
1
1
1
1
1
1
1
1
1
1
1
1
1
1
1
1
1
1
1
1
1
1
1
1
1
1
1
1
1
1
1
1
1
1
1
1
1
1
1
1
1
1
1
1
1
1
1
1
1
1
1
1
1
1
1
1
1
1
1
1
1
1
1
1
1
1
1
1
1
1
1
1
1
1
1
1
1
1
1
1
1
1
1
1
1
1
1
1
1
1
1
1
1
1
1
1
1
1
1
1
1
1
1
1
1
1
1
1
1
1
1
1
1
1
1
1
1
1
1
1
1
1
1
1
1
1
1
1
1
1
1
1
1
1
1
1
1
1
1
1
1
1
1
1
1
1
1
1
1
1
1
1
1
1
1
1
1
1
1
1
1
1
1
1
1
1
1
1
1
1
1
1
1
1
1
1
1
1
1
1
1
1
1
1
1
1
1
1
1
1
1
1
1
1
1
1
1
1
1
1
1
1
1
1
1
1
1
1
1
1
1
1
1
1
1
1
1
1
1
1
1
1
1
1
1
1
1
1
1
1
1
1
1
1
1
1
1
1
1
1
1
1.2563
1.65563
2.15237
2.72818
3.33106
3.96781
4.90964
5.80668
6.30243
6.81454
7.93156
9.17543
9.36802
9.43149
9.88619
10.4839
10.5
10.2797
10.1651
10
9.63254
8.89468
7.84344
7.01146
6.85721
6.6988
6.40437
6.09086
6.05718
6.09905
6.12208
6.12056
6.18525
6.32059
6.57015
6.6278
6.59334
6.52025
6.50987
6.543
6.64436
6.76419
6.81336
6.81391
6.80064
6.77464
6.72886
6.66439
6.62128
6.61199
6.63956
6.76988
6.88337
6.91293
6.9024
6.85281
6.77697
6.68887
6.61856
6.58307
6.58324
6.64588
6.81319
6.95253
7.00276
7.00191
6.94969
6.83881
6.69746
6.60102
6.5665
6.57159
6.62806
6.77511
6.95609
7.05313
7.06692
7.03704
6.93026
6.78758
1
1
0.999999
0.999341
1.0063
0.99933
0.995025
1.114
1.41083
1.57523
1.7764
2.22197
2.9163
3.40808
3.79564
4.65344
5.37372
5.77784
6.22773
6.74137
6.98102
6.83901
6.93862
7.27663
7.55698
7.54732
7.39562
7.10056
6.96297
6.91813
6.84251
6.67323
6.61483
6.59566
6.58268
6.55182
6.46329
6.4362
6.45342
6.52477
6.60534
6.6353
6.65478
6.69717
6.74592
6.75877
6.74487
6.72626
6.71847
6.70024
6.69251
6.69241
6.69953
6.74267
6.79433
6.80509
6.79106
6.78885
6.78406
6.75962
6.72727
6.72279
6.73016
6.74026
6.79243
6.84634
6.85483
6.82024
6.795
6.78179
6.75124
6.73749
6.75765
6.78985
6.80146
6.82475
6.85458
6.85755
6.83823
6.8012
1
1
1
1
0.999999
1.00001
0.999998
0.999993
1
1
1
1
0.997862
1.01543
1.04832
1.19688
1.67138
2.0897
2.64188
3.62849
4.78171
6.36607
7.00097
7.76184
8.22912
8.19854
8.0802
7.9079
7.74841
7.61689
7.43162
7.20566
6.75769
6.62448
6.57841
6.49083
6.45941
6.46612
6.49273
6.56538
6.60391
6.59268
6.57084
6.57647
6.60343
6.65721
6.74322
6.78297
6.7833
6.78495
6.77205
6.70657
6.65502
6.64402
6.659
6.74303
6.84205
6.86707
6.86769
6.86216
6.838
6.79493
6.72326
6.6693
6.65029
6.658
6.74835
6.86455
6.89969
6.90128
6.88993
6.85866
6.8342
6.80999
6.75851
6.70845
6.67673
6.67643
6.72368
6.84121
1
1
1
1
1
1
1
1
1
1
1
1
1
1
1
1
1
0.999999
0.997793
1.03843
1.17807
1.71881
2.72122
3.68873
5.02237
5.87969
6.45701
7.10065
7.18574
7.24705
7.22672
7.12881
7.11039
7.07434
7.05137
6.93086
6.81509
6.81893
6.81046
6.79264
6.71963
6.55921
6.38778
6.34865
6.36391
6.44095
6.61448
6.79546
6.85208
6.86098
6.84287
6.75955
6.65398
6.58156
6.57261
6.61332
6.74289
6.89145
6.94686
6.94638
6.91676
6.83843
6.71201
6.61765
6.58566
6.59505
6.65308
6.78588
6.92202
6.96581
6.9597
6.92661
6.88188
6.80993
6.74447
6.69144
6.65568
6.64564
6.66289
6.77454
1
1
1
1
1
1
1
1
1
1
1
1
1
1
1
1
1
1
1
0.999996
1
1
0.998704
1.02711
1.22318
1.90232
2.60586
3.59055
4.65359
5.67404
6.99965
7.26062
7.52022
7.54654
7.44793
7.31023
7.24588
7.19195
7.10825
6.94521
6.81037
6.65698
6.4924
6.43531
6.43672
6.46266
6.55211
6.7243
6.80557
6.81165
6.80052
6.73711
6.65744
6.61508
6.60833
6.63296
6.6917
6.77948
6.87605
6.91836
6.9085
6.84009
6.7492
6.68286
6.64262
6.64028
6.66036
6.71741
6.80086
6.88547
6.93001
6.93458
6.88679
6.8052
6.759
6.74112
6.72051
6.69882
6.7025
6.7431
1
1
1
1
1
1
1
1
1
1
1
1
1
1
1
1
1
1
1
1
1
1
1
1
1
0.999988
0.997802
1.03627
1.35055
1.79903
2.64779
3.77738
4.84697
6.03597
6.25725
6.51135
6.77516
6.7544
6.79404
6.93652
6.9967
6.98268
6.86978
6.74423
6.67229
6.63923
6.61779
6.60025
6.59496
6.59103
6.62372
6.70276
6.73239
6.71915
6.67958
6.69616
6.71469
6.71905
6.73437
6.78268
6.82829
6.83492
6.83305
6.8246
6.78209
6.72378
6.72847
6.74931
6.75647
6.76267
6.76955
6.77657
6.79819
6.83869
6.85588
6.8579
6.85174
6.81901
6.78879
6.79358
1
1
1
1
1
1
1
1
1
1
1
1
1
1
1
1
1
1
1
1
1
1
1
1
1
1
1
0.999998
1
0.999293
0.998643
1.10375
1.30411
1.81602
2.87228
3.90284
5.0721
5.74221
6.33288
6.8865
7.03575
7.07307
7.07635
7.04019
6.95443
6.83554
6.68751
6.5157
6.43303
6.43934
6.50879
6.66234
6.78175
6.821
6.81435
6.72649
6.64422
6.61206
6.605
6.61524
6.69622
6.84428
6.90814
6.92182
6.92083
6.89359
6.8042
6.71942
6.68697
6.66584
6.64262
6.64251
6.67839
6.79352
6.92
6.94796
6.94561
6.93816
6.91958
6.86292
1
1
1
1
1
1
1
1
1
1
1
1
1
1
1
1
1
1
1
1
1
1
1
1
1
1
1
1
1
1
1
1
1
0.998584
1.02466
1.10325
1.4022
2.28658
3.19471
4.24933
4.95136
5.66124
6.49462
6.71008
6.72973
6.77235
6.81074
6.67837
6.46872
6.44429
6.51726
6.68274
6.84939
6.87389
6.86023
6.82629
6.67929
6.54769
6.53193
6.5405
6.59372
6.71531
6.87057
6.93216
6.93669
6.92451
6.9108
6.84736
6.77278
6.70041
6.6598
6.65608
6.66928
6.71773
6.84204
6.94215
6.96504
6.96656
6.95212
6.85384
1
1
1
1
1
1
1
1
1
1
1
1
1
1
1
1
1
1
1
1
1
1
1
1
1
1
1
1
1
1
1
1
1
1
1
0.999999
1
0.99914
1.02277
1.18822
1.71888
2.4071
3.56177
4.61856
5.50043
6.34501
6.78559
6.82764
6.68171
6.55843
6.59503
6.71537
6.85241
6.87371
6.86612
6.82787
6.75669
6.66532
6.60314
6.57763
6.58379
6.64004
6.70596
6.75719
6.8084
6.86512
6.90286
6.91805
6.91331
6.87551
6.77607
6.68816
6.68522
6.72973
6.78113
6.81121
6.8286
6.84495
6.86665
6.85393
1
1
1
1
1
1
1
1
1
1
1
1
1
1
1
1
1
1
1
1
1
1
1
1
1
1
1
1
1
1
1
1
1
1
1
1
1
1
0.999999
1
0.99945
0.998379
1.11131
1.60408
2.14827
2.9465
3.94566
5.42961
6.23602
6.18899
6.28179
6.45637
6.53301
6.53206
6.58661
6.6916
6.78809
6.80164
6.78556
6.78703
6.78929
6.72837
6.62415
6.59942
6.60199
6.63108
6.74952
6.91602
6.9421
6.93425
6.92093
6.88576
6.8461
6.81354
6.75897
6.71893
6.69813
6.69894
6.7176
6.77749
1
1
1
1
1
1
1
1
1
1
1
1
1
1
1
1
1
1
1
1
1
1
1
1
1
1
1
1
1
1
1
1
1
1
1
1
1
1
1
1
1
1
1
0.999991
0.998086
1.04369
1.22918
1.73969
2.88604
4.0145
5.12347
6.012
6.3096
6.32013
6.30737
6.38291
6.6218
6.86722
6.91335
6.93581
6.96818
6.96334
6.80864
6.58561
6.50924
6.5183
6.58577
6.71297
6.86929
6.92772
6.93062
6.94553
6.98447
6.98977
6.91834
6.76859
6.6767
6.66891
6.67416
6.71271
1
1
1
1
1
1
1
1
1
1
1
1
1
1
1
1
1
1
1
1
1
1
1
1
1
1
1
1
1
1
1
1
1
1
1
1
1
1
1
1
1
1
1
1
1
0.999999
1
0.99849
1.05682
1.30586
1.65228
2.43842
3.77727
5.43745
5.6545
5.79725
6.12855
6.53652
6.76751
6.8873
6.94258
6.96654
6.92512
6.81321
6.6473
6.55442
6.57026
6.64417
6.70903
6.73205
6.75634
6.83401
6.93739
6.96417
6.94385
6.89486
6.80433
6.71552
6.67347
6.68631
1
1
1
1
1
1
1
1
1
1
1
1
1
1
1
1
1
1
1
1
1
1
1
1
1
1
1
1
1
1
1
1
1
1
1
1
1
1
1
1
1
1
1
1
1
1
1
1
1
1
0.998766
1.0192
1.15196
1.73021
2.77774
3.74331
4.87635
5.64171
6.07867
6.20552
6.45263
6.80471
6.87693
6.87904
6.8525
6.83572
6.84169
6.81258
6.72589
6.63321
6.57503
6.58874
6.66356
6.82409
6.91156
6.90436
6.88991
6.90099
6.88987
6.83274
1
1
1
1
1
1
1
1
1
1
1
1
1
1
1
1
1
1
1
1
1
1
1
1
1
1
1
1
1
1
1
1
1
1
1
1
1
1
1
1
1
1
1
1
1
1
1
1
1
1
1
0.999999
1
0.998585
1.05524
1.16927
1.60809
2.79827
4.5978
5.18753
5.48555
6.07175
6.59427
6.69313
6.76625
6.84946
7.00585
7.03213
6.97593
6.8203
6.60258
6.54567
6.60881
6.68142
6.71852
6.74099
6.82486
6.93824
6.964
6.94124
1
1
1
1
1
1
1
1
1
1
1
1
1
1
1
1
1
1
1
1
1
1
1
1
1
1
1
1
1
1
1
1
1
1
1
1
1
1
1
1
1
1
1
1
1
1
1
1
1
1
1
1
1
1
1
0.999817
0.999164
1.05515
1.34818
2.19012
3.04942
4.13272
5.34814
5.86512
6.03576
6.40809
6.86816
6.98945
6.98305
6.9177
6.82962
6.78909
6.75467
6.68425
6.63349
6.61474
6.64627
6.78668
6.93646
6.93098
1
1
1
1
1
1
1
1
1
1
1
1
1
1
1
1
1
1
1
1
1
1
1
1
1
1
1
1
1
1
1
1
1
1
1
1
1
1
1
1
1
1
1
1
1
1
1
1
1
1
1
1
1
1
1
1
1
1
0.99918
1.01539
1.07264
1.31044
2.34035
4.40206
5.21069
5.58734
6.24783
6.74569
6.75394
6.72615
6.80826
6.93166
6.96472
6.9072
6.80005
6.67424
6.64778
6.73487
6.77128
6.7793
1
1
1
1
1
1
1
1
1
1
1
1
1
1
1
1
1
1
1
1
1
1
1
1
1
1
1
1
1
1
1
1
1
1
1
1
1
1
1
1
1
1
1
1
1
1
1
1
1
1
1
1
1
1
1
1
1
1
1
1
0.999959
0.999312
1.03009
1.36598
2.48037
3.42317
4.50345
5.78218
5.97612
6.05694
6.26445
6.68218
6.95018
6.96005
6.91861
6.90701
6.90046
6.81743
6.71538
6.67648
1
1
1
1
1
1
1
1
1
1
1
1
1
1
1
1
1
1
1
1
1
1
1
1
1
1
1
1
1
1
1
1
1
1
1
1
1
1
1
1
1
1
1
1
1
1
1
1
1
1
1
1
1
1
1
1
1
1
1
1
1
0.999998
1
0.99962
1.04487
1.17224
1.47505
2.55962
4.85575
5.55931
5.81575
6.26936
6.81879
6.81303
6.79031
6.86629
6.95641
6.99282
6.93798
6.79774
1
1
1
1
1
1
1
1
1
1
1
1
1
1
1
1
1
1
1
1
1
1
1
1
1
1
1
1
1
1
1
1
1
1
1
1
1
1
1
1
1
1
1
1
1
1
1
1
1
1
1
1
1
1
1
1
1
1
1
1
1
1
1
0.999998
1.00001
0.999814
1.00082
1.04102
1.63481
3.2869
4.43681
5.60146
6.48543
6.37665
6.20103
6.34443
6.63827
6.87818
6.91348
6.86538
1
1
1
1
1
1
1
1
1
1
1
1
1
1
1
1
1
1
1
1
1
1
1
1
1
1
1
1
1
1
1
1
1
1
1
1
1
1
1
1
1
1
1
1
1
1
1
1
1
1
1
1
1
1
1
1
1
1
1
1
1
1
1
1
1
0.999995
0.999996
0.99988
1.00666
1.2353
1.68235
2.4199
4.16486
6.09297
6.16351
6.2806
6.43203
6.69582
6.70037
6.67096
1
1
1
1
1
1
1
1
1
1
1
1
1
1
1
1
1
1
1
1
1
1
1
1
1
1
1
1
1
1
1
1
1
1
1
1
1
1
1
1
1
1
1
1
1
1
1
1
1
1
1
1
1
1
1
1
1
1
1
1
1
1
1
1
1
1
1
0.999994
0.999986
1.00019
1.00386
1.04808
1.3246
2.86326
4.77494
5.76039
6.5833
6.71027
6.64624
6.48181
1
1
1
1
1
1
1
1
1
1
1
1
1
1
1
1
1
1
1
1
1
1
1
1
1
1
1
1
1
1
1
1
1
1
1
1
1
1
1
1
1
1
1
1
1
1
1
1
1
1
1
1
1
1
1
1
1
1
1
1
1
1
1
1
1
1
1
1
1
1
0.999998
0.999924
1.00124
1.14962
2.08748
3.10154
4.58043
6.2273
6.78015
6.74791
1
1
1
1
1
1
1
1
1
1
1
1
1
1
1
1
1
1
1
1
1
1
1
1
1
1
1
1
1
1
1
1
1
1
1
1
1
1
1
1
1
1
1
1
1
1
1
1
1
1
1
1
1
1
1
1
1
1
1
1
1
1
1
1
1
1
1
1
1
1
1
0.999997
0.999989
1.00036
1.02175
1.20764
1.70263
3.17308
5.31989
6.61723
1
1
1
1
1
1
1
1
1
1
1
1
1
1
1
1
1
1
1
1
1
1
1
1
1
1
1
1
1
1
1
1
1
1
1
1
1
1
1
1
1
1
1
1
1
1
1
1
1
1
1
1
1
1
1
1
1
1
1
1
1
1
1
1
1
1
1
1
1
1
1
1
0.999999
0.999999
0.999966
1.00045
1.00692
1.24714
2.34754
4.98495
1
1
1
1
1
1
1
1
1
1
1
1
1
1
1
1
1
1
1
1
1
1
1
1
1
1
1
1
1
1
1
1
1
1
1
1
1
1
1
1
1
1
1
1
1
1
1
1
1
1
1
1
1
1
1
1
1
1
1
1
1
1
1
1
1
1
1
1
1
1
1
1
1
1
0.999995
0.999997
0.999985
1.00207
1.0669
2.58465
1
1
1
1
1
1
1
1
1
1
1
1
1
1
1
1
1
1
1
1
1
1
1
1
1
1
1
1
1
1
1
1
1
1
1
1
1
1
1
1
1
1
1
1
1
1
1
1
1
1
1
1
1
1
1
1
1
1
1
1
1
1
1
1
1
1
1
1
1
1
1
1
1
1
1
1
0.999999
0.99999
1.00036
1.18763
1
1
1
1
1
1
1
1
1
1
1
1
1
1
1
1
1
1
1
1
1
1
1
1
1
1
1
1
1
1
1
1
1
1
1
1
1
1
1
1
1
1
1
1
1
1
1
1
1
1
1
1
1
1
1
1
1
1
1
1
1
1
1
1
1
1
1
1
1
1
1
1
1
1
1
1
1
0.999998
0.999998
1.00326
1
1
1
1
1
1
1
1
1
1
1
1
1
1
1
1
1
1
1
1
1
1
1
1
1
1
1
1
1
1
1
1
1
1
1
1
1
1
1
1
1
1
1
1
1
1
1
1
1
1
1
1
1
1
1
1
1
1
1
1
1
1
1
1
1
1
1
1
1
1
1
1
1
1
1
1
1
1
1
1.00001
1
1
1
1
1
1
1
1
1
1
1
1
1
1
1
1
1
1
1
1
1
1
1
1
1
1
1
1
1
1
1
1
1
1
1
1
1
1
1
1
1
1
1
1
1
1
1
1
1
1
1
1
1
1
1
1
1
1
1
1
1
1
1
1
1
1
1
1
1
1
1
1
1
1
1
1
1
1
1
1
1
1
1
1
1
1
1
1
1
1
1
1
1
1
1
1
1
1
1
1
1
1
1
1
1
1
1
1
1
1
1
1
1
1
1
1
1
1
1
1
1
1
1
1
1
1
1
1
1
1
1
1
1
1
1
1
1
1
1
1
1
1
1
1
1
1
1
1
1
1
1
1
1
1
1
1
1
1
1
1
1
1
1
1
1
1
1
1
1
1
1
1
1
1
1
1
1
1
1
1
1
1
1
1
1
1
1
1
1
1
1
1
1
1
1
1
1
1
1
1
1
1
1
1
1
1
1
1
1
1
1
1
1
1
1
1
1
1
1
1
1
1
1
1
1
1
1
1
1
1
1
1
1
1
1
1
1
1
1
1
1
1
1
1
1
1
1
1
1
1
1
1
1
1
1
1
1
1
1
1
1
1
1
1
1
1
1
1
1
1
1
1
1
1
1
1
1
1
1
1
1
1
1
1
1
1
1
1
1
1
1
1
1
1
1
1
1
1
1
1
1
1
1
1
1
1
1
1
1
1
1
1
1
1
1
1
1
1
1
1
1
1
1
1
1
1
1
1
1
1
1
1
1
1
1
1
1
1
1
1
1
1
1
1
1
1
1
1
1
1
1
1
1
1
1
1
1
1
1
1
1
1
1
1
1
1
1
1
1
1
1
1
1
1
1
1
1
1
1
1
1
1
1
1
1
1
1
1
1
1
1
1
1
1
1
1
1
1
1
1
1
1
1
1
1
1
1
1
1
1
1
1
1
1
1
1
1
1
1
1
1
1
1
1
1
1
1
1
1
1
1
1
1
1
1
1
1
1
1
1
1
1
1
1
1
1
1
1
1
1
1
1
1
1
1
1
1
1
1
1
1
1
1
1
1
1
1
1
1
1
1
1
1
1
1
1
1
1
1
1
1
1
1
1
1
1
1
1
1
1
1
1
1
1
1
1
1
1
1
1
1
1
1
1
1
1
1
1
1
1
1
1
1
1
1
1
1
1
1
1
1
1
1
1
1
1
1
1
1
1
1
1
1
1
1
1
1
1
1
1
1
1
1
1
1
1
1
1
1
1
1
1
1
1
1
1
1
1
1
1
1
1
1
1
1
1
1
1
1
1
1
1
1
1
1
1
1
1
1
1
1
1
1
1
1
1
1
1
1
1
1
1
1
1
1
1
1
1
1
1
1
1
1
1
1
1
1
1
1
1
1
1
1
1
1
1
1
1
1
1
1
1
1
1
1
1
1
1
1
1
1
1
1
1
1
1
1
1
1
1
1
1
1
1
1
1
1
1
1
1
1
1
1
1
1
1
1
1
1
1
1
1
1
1
1
1
1
1
1
1
1
1
1
1
1
1
1
1
1
1
1
1
1
1
1
1
1
1
1
1
1
1
1
1
1
1
1
1
1
1
1
1
1
1
1
1
1
1
1
1
1
1
1
1
1
1
1
1
1
1
1
1
1
1
1
1
1
1
1
1
1
1
1
1
1
1
1
1
1
1
1
1
1
1
1
1
1
1
1
1
1
1
1
1
1
1
1
1
1
1
1
1
1
1
1
1
1
1
1
1
1
1
1
1
1
1
1
1
1
1
1
1
1
1
1
1
1
1
1
1
1
1
1
1
1
1
1
1
1
1
1
1
1
1
1
1
1
1
1
1
1
1
1
1
1
1
1
1
1
1
1
1
1
1
1
1
1
1
1
1
1
1
1
1
1
1
1
1
1
1
1
1
1
1
1
1
1
1
1
1
1
1
1
1
1
1
1
1
1
1
1
1
1
1
1
1
1
1
1
1
1
1
1
1
1
1
1
1
1
1
1
1
1
1
1
1
1
1
1
1
1
1
1
1
1
1
1
1
1
1
1
1
1
1
1
1
1
1
1
1
1
1
1
1
1
1
1
1
1
1
1
1
1
1
1
1
1
1
1
1
1
1
1
1
1
1
1
1
1
1
1
1
1
1
1
1
1
1
1
1
1
1
1
1
1
1
1
1
1
1
)
;

boundaryField
{
    inlet
    {
        type            fixedValue;
        value           uniform 1;
    }
    outlet
    {
        type            zeroGradient;
    }
    bottom
    {
        type            symmetryPlane;
    }
    top
    {
        type            symmetryPlane;
    }
    obstacle
    {
        type            zeroGradient;
    }
    defaultFaces
    {
        type            empty;
    }
}


// ************************************************************************* //
