/*--------------------------------*- C++ -*----------------------------------*\
| =========                 |                                                 |
| \\      /  F ield         | OpenFOAM: The Open Source CFD Toolbox           |
|  \\    /   O peration     | Version:  2206                                  |
|   \\  /    A nd           | Website:  www.openfoam.com                      |
|    \\/     M anipulation  |                                                 |
\*---------------------------------------------------------------------------*/
FoamFile
{
    version     2.0;
    format      ascii;
    arch        "LSB;label=32;scalar=64";
    class       volScalarField;
    location    "0.04";
    object      p;
}
// * * * * * * * * * * * * * * * * * * * * * * * * * * * * * * * * * * * * * //

dimensions      [1 -1 -2 0 0 0 0];

internalField   nonuniform List<scalar> 
4800
(
1
1
1
1
1
1
1
1
1
1
1
1
1
1
1
1
1
1
1
1
1
1
1
1
1
1
1
1
1
1
1
1
1
1
1
1
1
1
1
1
1
1
1
1
1
1
1
1
1
1
1
1
1
1
1
1
1
1
1
1
1
1
1
1
1
1
1
1
1
1
1
1
1
1
1
1
1
1
1
1
1
1
1
1
1
1
1
1
1
1
1
1
1
1
1
1
1
1
1
1
1
1
1
1
1
1
1
1
1
1
1
1
1
1
1
1
1
1
1
1
1
1
1
1
1
1
1
1
1
1
1
1
1
1
1
1
1
1
1
1
1
1
1
1
1
1
1
1
1
1
1
1
1
1
1
1
1
1
1
1
1
1
1
1
1
1
1
1
1
1
1
1
1
1
1
1
1
1
1
1
1
1
1
1
1
1
1
1
1
1
1
1
1
1
1
1
1
1
1
1
1
1
1
1
1
1
1
1
1
1
1
1
1
1
1
1
1
1
1
1
1
1
1
1
1
1
1
1
1
1
1
1
1
1
1
1
1
1
1
1
1
1
1
1
1
1
1
1
1
1
1
1
1
1
1
1
1
1
1
1
1
1
1
1
1
1
1
1
1
1
1
1
1
1
1
1
1
1
1
1
1
1
1
1
1
1
1
1
1
1
1
1
1
1
1
1
1
1
1
1
1
1
1
1
1
1
1
1
1
1
1
1
1
1
1
1
1
1
1
1
1
1
1
1
1
1
1
1
1
1
1
1
1
1
1
1
1
1
1
1
1
1
1
1
1
1
1
1
1
1
1
1
1
1
1
1
1
1
1
1
1
1
1
1
1
1
1
1
1
1
1
1
1
1
1
1
1
1
1
1
1
1
1
1
1
1
1
1
1
1
1
1
1
1
1
1
1
1
1
1
1
1
1
1
1
1
1
1
1
1
1
1
1
1
1
1
1
1
1
1
1
1
1
1
1
1
1
1
1
1
1
1
1
1
1
1
1
1
1
1
1
1
1
1
1
1
1
1
1
1
1
1
1
1
1
1
1
1
1
1
1
1
1
1
1
1
1
1
1
1
1
1
1
1
1
1
1
1
1
1
1
1
1
1
1
1
1
1
1
1
1
1
1
1
1
1
1
1
1
1
1
1
1
1
1
1
1
1
1
1
1
1
1
1
1
1
1
1
1
1
1
1
1
1
1
1
1
1
1
1
1
1
1
1
1
1
1
1
1
1
1
1
1
1
1
1
1
1
1
1
1
1
1
1
1
1
1
1
1
1
1
1
1
1
1
1
1
1
1
1
1
1
1
1
1
1
1
1
1
1
1
1
1
1
1
1
1
1
1
1
1
1
1
1
1
1
1
1
1
1
1
1
1
1
1
1
1
1
1
1
1
1
1
1
1
1
1
1
1
1
1
1
1
1
1
1
1
1
1
1
1
1
1
1
1
1
1
1
1
1
1
1
1
1
1
1
1
1
1
1
1
1
1
1
1
1
1
1
1
1
1
1
1
1
1
1
1
1
1
1
1
1
1
1
1
1
1
1
1
1
1
1
1
1
1
1
1
1
1
1
1
1
1
1
1
1
1
1
1
1
1
1
1
1
1
1
1
1
1
1
1
1
1
1
1
1
1
1
1
1
1
1
1
1
1
1
1
1
1
1
1
1
1
1
1
1
1
1
1
1
1
1
1
1
1
1
1
1
1
1
1
1
1
1
1
1
1
1
1
1
1
1
1
1
1
1
1
1
1
1
1
1
1
1
1
1
1
1
1
1
1
1
1
1
1
1
1
1
1
1
1
1
1
1
1
1
1
1
1
1
1
1
1
1
1
1
1
1
1
1
1
1
1
1
1
1
1
1
1
1
1
1
1
1
1
1
1
1
1
1
1
1
1
1
1
1
1
1
1
1
1
1
1
1
1
1
1
1
1
1
1
1
1
1
1
1
1
1
1
1
1
1
1
1
1
1
1
1
1
1
1
1
1
1
1
1
1
1
1
1
1
1
1
1
1
1
1
1
1
1
1
1
1
1
1
1
1
1
1
1
1
1
1
1
1
1
1
1
1
1
1
1
1
1
1
1
1
1
1
1
1
1
1
1
1
1
1
1
1
1
1
1
1
1
1
1
1
1
1
1
1
1
1
1
1
1
1
1
1
1
1
1
1
1
1
1
1
1
1
1
1
1
1
1
1
1
1
1
1
1
1
1
1
1
1
1
1
1
1
1
1
1
1
1
1
1
1
1
1
1
1
1
1
1
1
1
1
1
1
1
1
1
1
1
1
1
1
1
1
1
1
1
1
1
1
1
1
1
1
1
1
1
1
1
1
1
1
1
1
1
1
1
1
1
1
1
1
1
1
1
1
1
1
1
1
1
1
1
1
1
1
1
1
1
1
1
1
1
1
1
1
1
1
1
1
1
1
1
1
1
1
1
1
1
1
1
1
1
1
1
1
1
1
1
1
1
1
1
1
1
1
1
1
1
1
1
1
1
1
1
1
1
1
1
1
1
1
1
1
1
1
1
1
1
1
1
1
1
1
1
1
1
1
1
1
1
1
1
1
1
1
1
1
1
1
1
1
1
1
1
1
1
1
1
1
1
1
1
1
1
1
1
1
1
1
1
1
1
1
1
1
1
1
1
1
1
1
1
1
1
1
1
1
1
1
1
1
1
1
1
1
1
1
1
1
1
1
1
1
1
1
1
1
1
1
1
1
1
1
1
1
1
1
1
1
1
1
1
1
1
1
1
1
1
1
1
1
1
1
1
1
1
1
1
1
1
1
1
1
1
1
1
1
1
1
1
1
1
1
1
1
1
1
1
1
1
1
1
1
1
1
1
1
1
1
1
1
1
1
1
1
1
1
1
1
1
1
1
1
1
1
1
1
1
1
1
1
1
1
1
1
1
1
1
1
1
1
1
1
1
1
1
1
1
1
1
1
1
1
1
1
1
1
1
1
1
1
1
1
1
1
1
1
1
1
1
1
1
1
1
1
1
1
1
1
1
1
1
1
1
1
1
1
1
1
1
1
1
1
1
1
1
1
1
1
1
1
1
1
1
1
1
1
1
1
1
1
1
1
1
1
1
1
1
1
1
1
1
1
1
1
1
1
1
1
1
1
1
1
1
1
1
1
1
1
1
1
1
1
1
1
1
1
1
1
1
1
1
1
1
1
1
1
1
1
1
1
1
1
1
1
1
1
1
1
1
1
1
1
1
1
1
1
1
1
1
1
1
1
1
1
1
1
1
1
1
1
1
1
1
1
1
1
1
1
1
1
1
1
1
1
1
1
1
1
1
1
1
1
1
1
1
1
1
1
1
1
1
1
1
1
1
1
1
1
1
1
1
1
1
1
1
1
1
1
1
1
1
1
1
1
1
1
1
1
1
1
1
1
1
1
1
1
1
1
1
1
1
1
1
1
1
1
1
1
1
1
1
1
1
1
1
1
1
1
1
1
1
1
1
1
1
1
1
1
1
1
1
1
1
1
1
1
1
1
1
1
1
1
1
1
1
1
1
1
1
1
1
1
1
1
1
1
1
1
1
1
1
1
1
1
1
1
1
1
1
1
1
1
1
1
1
1
1
1
1
1
1
1
1
1
1
1
1
1
1
1
1
1
1
1.26251
1.68806
2.18094
2.70871
3.34887
4.00943
4.44622
4.86323
5.54088
6.06263
6.06324
6.15281
6.22803
6.18575
5.97345
5.50901
4.95514
4.61439
4.40394
4.17634
4.11898
4.13949
4.14858
4.15409
4.18358
4.22476
4.26946
4.32459
4.35213
4.36086
4.35648
4.34183
4.31245
4.27385
4.22304
4.18033
4.17255
4.17119
4.17512
4.17934
4.17185
4.15429
4.13677
4.12866
4.13903
4.16058
4.1554
4.14933
4.14856
4.14769
4.14607
4.14504
4.14443
4.14673
4.16118
4.19519
4.25231
4.31446
4.3398
4.34248
4.34235
4.34176
4.34051
4.33857
4.33746
4.3375
4.33836
4.33949
4.33926
4.33841
4.33759
4.33676
4.33581
4.33455
4.33335
4.33219
4.33106
4.33116
4.33148
4.33208
0.99999
0.99903
1.0166
1.05417
1.10634
1.25057
1.53192
1.80283
2.11029
2.58499
3.08833
3.45988
3.80897
4.30391
4.43584
4.43146
4.67963
4.81802
4.79077
4.6634
4.556
4.54307
4.51376
4.44179
4.37353
4.30498
4.30212
4.30316
4.30108
4.30591
4.31577
4.31371
4.29574
4.25794
4.20347
4.16297
4.1552
4.15093
4.14976
4.14591
4.13883
4.12853
4.12219
4.11977
4.13308
4.15774
4.15441
4.14709
4.14733
4.1493
4.1506
4.15194
4.15513
4.16334
4.18043
4.21371
4.26776
4.32117
4.33964
4.34021
4.33942
4.33748
4.33431
4.3304
4.32806
4.32787
4.32849
4.32929
4.32939
4.3298
4.33081
4.33156
4.33199
4.3329
4.33417
4.33494
4.33522
4.33571
4.33622
4.3365
1
1
1
0.999997
0.999989
1
0.999937
1.00034
1.00961
1.0526
1.19367
1.42372
1.81867
2.43453
3.23187
4.01924
4.66492
5.07454
5.0865
5.04012
4.97591
4.90528
4.80384
4.67423
4.41966
4.3032
4.30787
4.29869
4.29319
4.29633
4.31593
4.31411
4.29871
4.25311
4.18979
4.16332
4.15638
4.15122
4.14604
4.14085
4.13552
4.13711
4.1455
4.15512
4.1727
4.18331
4.17159
4.15636
4.14884
4.15144
4.15566
4.16033
4.16622
4.17485
4.18942
4.21789
4.26849
4.31584
4.32941
4.32929
4.32812
4.32661
4.32473
4.32274
4.3227
4.32385
4.32616
4.32788
4.32955
4.33139
4.33331
4.33501
4.33669
4.33847
4.33933
4.33988
4.34011
4.34034
4.34071
4.34035
1
1
1
1
1
1
1
1
1
1
1
0.999411
1.00209
1.02733
1.17368
1.5793
2.17974
3.10949
3.73519
4.28657
4.63977
4.67123
4.61915
4.56555
4.57942
4.5703
4.57346
4.54679
4.47332
4.4189
4.36878
4.32072
4.25959
4.16969
4.12528
4.12083
4.12084
4.12232
4.12275
4.12458
4.12663
4.13481
4.14655
4.15769
4.17714
4.18581
4.17082
4.1525
4.14024
4.13716
4.14104
4.14571
4.15206
4.16448
4.18486
4.21758
4.27053
4.317
4.3294
4.3302
4.33049
4.3304
4.3279
4.32689
4.32814
4.33013
4.33216
4.33387
4.33542
4.3366
4.33707
4.33684
4.33698
4.33714
4.33671
4.33689
4.33727
4.33684
4.33679
4.3374
1
1
1
1
1
1
1
1
1
1
1
1
0.999999
1
1
0.999577
1.01319
1.14359
1.51249
2.02041
2.76265
3.4926
4.29587
4.58452
4.77359
4.80875
4.78191
4.73882
4.65417
4.51267
4.35302
4.29774
4.26331
4.19656
4.12159
4.10569
4.09851
4.09093
4.08333
4.07736
4.07604
4.07878
4.08671
4.10894
4.14032
4.13624
4.12161
4.12208
4.12388
4.12627
4.13175
4.13656
4.14399
4.15974
4.19114
4.23682
4.29593
4.33778
4.34561
4.34586
4.34526
4.34336
4.34054
4.33902
4.3387
4.33782
4.33571
4.33418
4.33264
4.33035
4.3285
4.32762
4.32751
4.32811
4.32856
4.3299
4.33234
4.33447
4.33612
4.33864
1
1
1
1
1
1
1
1
1
1
1
1
1
1
1
1
0.999999
1
0.999678
1.00792
1.09854
1.37158
1.90932
2.6858
3.35753
4.08595
4.30086
4.43949
4.41993
4.40695
4.41503
4.39396
4.39312
4.34613
4.24683
4.19377
4.14785
4.1086
4.08769
4.06712
4.05225
4.04205
4.05067
4.07956
4.09112
4.07589
4.07091
4.08299
4.10176
4.11681
4.12269
4.12604
4.13566
4.16384
4.20535
4.2542
4.30855
4.34673
4.35214
4.35185
4.3491
4.34468
4.33985
4.33653
4.33452
4.3317
4.32868
4.32716
4.32686
4.32716
4.32703
4.32746
4.32842
4.32894
4.32947
4.33042
4.33183
4.33343
4.33505
4.33754
1
1
1
1
1
1
1
1
1
1
1
1
1
1
1
1
1
1
1
1
1
0.999588
1.00635
1.09668
1.32569
1.78001
2.48934
3.27138
3.88511
4.33986
4.49302
4.50044
4.47593
4.40672
4.30078
4.20028
4.12915
4.08216
4.06609
4.05649
4.0474
4.04665
4.07803
4.12226
4.13144
4.12304
4.11767
4.11698
4.11348
4.10554
4.10981
4.11549
4.12647
4.15426
4.1968
4.24698
4.29298
4.32024
4.32432
4.32389
4.32021
4.31736
4.31683
4.31784
4.32051
4.32474
4.3264
4.32807
4.33131
4.33415
4.33615
4.3375
4.33903
4.33995
4.34027
4.33963
4.33862
4.33821
4.33784
4.33579
1
1
1
1
1
1
1
1
1
1
1
1
1
1
1
1
1
1
1
1
1
1
1
1
0.999708
1.00481
1.07798
1.27631
1.77257
2.50168
3.23638
3.79507
4.09502
4.11384
4.07927
4.0218
4.02083
4.05589
4.10986
4.13618
4.15246
4.18266
4.21115
4.21258
4.20206
4.18089
4.1538
4.12483
4.097
4.07878
4.08545
4.09456
4.10495
4.13143
4.17612
4.22617
4.26602
4.28355
4.28712
4.28782
4.28851
4.29056
4.29475
4.30007
4.30751
4.318
4.32823
4.33634
4.33909
4.34203
4.34404
4.34409
4.34326
4.34278
4.34235
4.34108
4.33678
4.33378
4.33312
4.3343
1
1
1
1
1
1
1
1
1
1
1
1
1
1
1
1
1
1
1
1
1
1
1
1
1
0.99999
1.00002
0.999844
1.0082
1.07158
1.32551
1.79701
2.4317
3.06229
3.53789
3.79491
3.9447
4.02094
4.06291
4.0909
4.11013
4.14911
4.17902
4.17902
4.16567
4.13076
4.08544
4.0585
4.04958
4.05989
4.0742
4.08758
4.09891
4.12892
4.18515
4.24128
4.28411
4.3039
4.31235
4.31509
4.31585
4.3171
4.31876
4.32005
4.32121
4.32509
4.32725
4.32662
4.32647
4.32691
4.32926
4.32964
4.32657
4.32581
4.328
4.32777
4.32587
4.32625
4.32911
4.33311
1
1
1
1
1
1
1
1
1
1
1
1
1
1
1
1
1
1
1
1
1
1
1
1
1
1
1
0.999998
1
0.999929
1.00027
1.01002
1.07834
1.28163
1.64885
2.14137
2.62104
3.01129
3.29279
3.54951
3.70204
3.82737
3.92955
3.94665
3.95653
3.96905
4.01863
4.04652
4.08234
4.11848
4.15368
4.18752
4.2211
4.26701
4.32418
4.3678
4.38465
4.38282
4.37844
4.36971
4.35417
4.33575
4.32599
4.31995
4.31072
4.29712
4.29106
4.29231
4.28937
4.28906
4.29246
4.29703
4.29922
4.30296
4.31054
4.31928
4.32637
4.33139
4.33805
4.3464
1
1
1
1
1
1
1
1
1
1
1
1
1
1
1
1
1
1
1
1
1
1
1
1
1
1
1
1
1
0.999998
0.999999
0.999999
0.999966
1.00037
1.00654
1.0413
1.14214
1.33043
1.60494
1.94106
2.33702
2.71278
3.07623
3.40399
3.65929
3.87413
3.98539
4.04984
4.08965
4.11103
4.12991
4.1649
4.20788
4.26176
4.31427
4.35603
4.35808
4.34994
4.33161
4.3106
4.28948
4.26703
4.26491
4.27003
4.27041
4.27167
4.27618
4.28133
4.28521
4.28881
4.29756
4.31049
4.31926
4.32452
4.32703
4.33261
4.33812
4.33653
4.33243
4.3334
1
1
1
1
1
1
1
1
1
1
1
1
1
1
1
1
1
1
1
1
1
1
1
1
1
1
1
1
1
1
1
1
0.999999
0.999999
1
0.999991
1.00009
1.00106
1.00629
1.02595
1.08144
1.19434
1.38742
1.66918
2.03569
2.44468
2.85033
3.2022
3.4626
3.68247
3.80035
3.91901
3.99569
4.0713
4.1226
4.16822
4.19013
4.19017
4.19888
4.22043
4.25137
4.26013
4.27388
4.30305
4.32245
4.33393
4.3495
4.36634
4.373
4.36587
4.35687
4.35743
4.35655
4.34859
4.33015
4.32428
4.32659
4.32488
4.31047
4.30528
1
1
1
1
1
1
1
1
1
1
1
1
1
1
1
1
1
1
1
1
1
1
1
1
1
1
1
1
1
1
1
1
1
1
1
0.999999
0.999999
1
1
0.999994
1.00006
1.00036
1.00206
1.00979
1.03721
1.11065
1.26507
1.51663
1.8528
2.22903
2.61706
2.94531
3.25176
3.48826
3.69588
3.85373
3.98549
4.10342
4.17435
4.21753
4.26651
4.29197
4.31018
4.33295
4.34354
4.34643
4.347
4.3534
4.35661
4.34738
4.32134
4.30177
4.30611
4.30684
4.28444
4.27362
4.28312
4.29804
4.29739
4.3007
1
1
1
1
1
1
1
1
1
1
1
1
1
1
1
1
1
1
1
1
1
1
1
1
1
1
1
1
1
1
1
1
1
1
1
1
1
1
1
1
1
1
0.999999
1
1.00001
1.00011
1.00097
1.00539
1.02222
1.06879
1.16518
1.31469
1.51415
1.74026
1.97795
2.2272
2.48267
2.74327
3.01528
3.26422
3.47298
3.67972
3.84145
3.93373
4.03396
4.12138
4.13093
4.14862
4.1852
4.19728
4.2022
4.19705
4.23372
4.29021
4.29206
4.28994
4.30729
4.34226
4.35969
4.3526
1
1
1
1
1
1
1
1
1
1
1
1
1
1
1
1
1
1
1
1
1
1
1
1
1
1
1
1
1
1
1
1
1
1
1
1
1
1
1
1
1
1
1
1
1
1
0.999999
1
1
1.00006
1.0004
1.00166
1.00535
1.01365
1.02979
1.05889
1.10809
1.18697
1.3084
1.48026
1.704
1.97963
2.28494
2.60489
2.91098
3.20644
3.49463
3.70971
3.86884
4.0424
4.18165
4.2151
4.2511
4.31719
4.33722
4.33545
4.3356
4.34418
4.35388
4.3412
1
1
1
1
1
1
1
1
1
1
1
1
1
1
1
1
1
1
1
1
1
1
1
1
1
1
1
1
1
1
1
1
1
1
1
1
1
1
1
1
1
1
1
1
1
1
1
1
1
1
1
1
1
1.00001
1.00001
1.00006
1.00017
1.00054
1.00162
1.00459
1.01247
1.03185
1.07274
1.14871
1.27388
1.46114
1.71068
2.01519
2.37254
2.71631
3.0733
3.43432
3.65948
3.81642
4.00328
4.15216
4.14737
4.15956
4.21435
4.21811
1
1
1
1
1
1
1
1
1
1
1
1
1
1
1
1
1
1
1
1
1
1
1
1
1
1
1
1
1
1
1
1
1
1
1
1
1
1
1
1
1
1
1
1
1
1
1
1
1
1
1
1
1
1
1
1
1
1
1
1
1
1.00002
1.00008
1.00038
1.00141
1.0047
1.01402
1.03804
1.09368
1.19685
1.37184
1.63549
1.9628
2.35135
2.76018
3.15851
3.51118
3.77095
3.95073
4.14695
1
1
1
1
1
1
1
1
1
1
1
1
1
1
1
1
1
1
1
1
1
1
1
1
1
1
1
1
1
1
1
1
1
1
1
1
1
1
1
1
1
1
1
1
1
1
1
1
1
1
1
1
1
1
1
1
1
1
1
1
1
1
1
1
1
1
1
1.00003
1.00016
1.00077
1.0031
1.0111
1.03444
1.09381
1.22037
1.43577
1.75035
2.15474
2.5808
3.24479
1
1
1
1
1
1
1
1
1
1
1
1
1
1
1
1
1
1
1
1
1
1
1
1
1
1
1
1
1
1
1
1
1
1
1
1
1
1
1
1
1
1
1
1
1
1
1
1
1
1
1
1
1
1
1
1
1
1
1
1
1
1
1
1
1
1
1
1
1
1
1
1.00001
1.00002
1.00018
1.00108
1.00487
1.01861
1.06245
1.15748
1.56683
1
1
1
1
1
1
1
1
1
1
1
1
1
1
1
1
1
1
1
1
1
1
1
1
1
1
1
1
1
1
1
1
1
1
1
1
1
1
1
1
1
1
1
1
1
1
1
1
1
1
1
1
1
1
1
1
1
1
1
1
1
1
1
1
1
1
1
1
1
1
1
1
1
1
1
1
1
1.00012
1.00048
1.01283
1
1
1
1
1
1
1
1
1
1
1
1
1
1
1
1
1
1
1
1
1
1
1
1
1
1
1
1
1
1
1
1
1
1
1
1
1
1
1
1
1
1
1
1
1
1
1
1
1
1
1
1
1
1
1
1
1
1
1
1
1
1
1
1
1
1
1
1
1
1
1
1
1
1
1
1
1
1
0.999999
1.00001
1
1
1
1
1
1
1
1
1
1
1
1
1
1
1
1
1
1
1
1
1
1
1
1
1
1
1
1
1
1
1
1
1
1
1
1
1
1
1
1
1
1
1
1
1
1
1
1
1
1
1
1
1
1
1
1
1
1
1
1
1
1
1
1
1
1
1
1
1
1
1
1
1
1
1
1
1
1
1
1
1
1
1
1
1
1
1
1
1
1
1
1
1
1
1
1
1
1
1
1
1
1
1
1
1
1
1
1
1
1
1
1
1
1
1
1
1
1
1
1
1
1
1
1
1
1
1
1
1
1
1
1
1
1
1
1
1
1
1
1
1
1
1
1
1
1
1
1
1
1
1
1
1
1
1
1
1
1
1
1
1
1
1
1
1
1
1
1
1
1
1
1
1
1
1
1
1
1
1
1
1
1
1
1
1
1
1
1
1
1
1
1
1
1
1
1
1
1
1
1
1
1
1
1
1
1
1
1
1
1
1
1
1
1
1
1
1
1
1
1
1
1
1
1
1
1
1
1
1
1
1
1
1
1
1
1
1
1
1
1
1
1
1
1
1
1
1
1
1
1
1
1
1
1
1
1
1
1
1
1
1
1
1
1
1
1
1
1
1
1
1
1
1
1
1
1
1
1
1
1
1
1
1
1
1
1
1
1
1
1
1
1
1
1
1
1
1
1
1
1
1
1
1
1
1
1
1
1
1
1
1
1
1
1
1
1
1
1
1
1
1
1
1
1
1
1
1
1
1
1
1
1
1
1
1
1
1
1
1
1
1
1
1
1
1
1
1
1
1
1
1
1
1
1
1
1
1
1
1
1
1
1
1
1
1
1
1
1
1
1
1
1
1
1
1
1
1
1
1
1
1
1
1
1
1
1
1
1
1
1
1
1
1
1
1
1
1
1
1
1
1
1
1
1
1
1
1
1
1
1
1
1
1
1
1
1
1
1
1
1
1
1
1
1
1
1
1
1
1
1
1
1
1
1
1
1
1
1
1
1
1
1
1
1
1
1
1
1
1
1
1
1
1
1
1
1
1
1
1
1
1
1
1
1
1
1
1
1
1
1
1
1
1
1
1
1
1
1
1
1
1
1
1
1
1
1
1
1
1
1
1
1
1
1
1
1
1
1
1
1
1
1
1
1
1
1
1
1
1
1
1
1
1
1
1
1
1
1
1
1
1
1
1
1
1
1
1
1
1
1
1
1
1
1
1
1
1
1
1
1
1
1
1
1
1
1
1
1
1
1
1
1
1
1
1
1
1
1
1
1
1
1
1
1
1
1
1
1
1
1
1
1
1
1
1
1
1
1
1
1
1
1
1
1
1
1
1
1
1
1
1
1
1
1
1
1
1
1
1
1
1
1
1
1
1
1
1
1
1
1
1
1
1
1
1
1
1
1
1
1
1
1
1
1
1
1
1
1
1
1
1
1
1
1
1
1
1
1
1
1
1
1
1
1
1
1
1
1
1
1
1
1
1
1
1
1
1
1
1
1
1
1
1
1
1
1
1
1
1
1
1
1
1
1
1
1
1
1
1
1
1
1
1
1
1
1
1
1
1
1
1
1
1
1
1
1
1
1
1
1
1
1
1
1
1
1
1
1
1
1
1
1
1
1
1
1
1
1
1
1
1
1
1
1
1
1
1
1
1
1
1
1
1
1
1
1
1
1
1
1
1
1
1
1
1
1
1
1
1
1
1
1
1
1
1
1
1
1
1
1
1
1
1
1
1
1
1
1
1
1
1
1
1
1
1
1
1
1
1
1
1
1
1
1
1
1
1
1
1
1
1
1
1
1
1
1
1
1
1
1
1
1
1
1
1
1
1
1
1
1
1
1
1
1
1
1
1
1
1
1
1
1
1
1
1
1
1
1
1
1
1
1
1
1
1
1
1
1
1
1
1
1
1
1
1
1
1
1
1
1
1
1
1
1
1
1
1
1
1
1
1
1
1
1
1
1
1
1
1
1
1
1
1
1
1
1
1
1
1
1
1
1
1
1
1
1
1
1
1
1
1
1
1
1
1
1
1
1
1
1
1
1
1
1
1
1
1
1
1
1
1
1
1
1
1
1
1
1
1
1
1
1
1
1
1
1
1
1
1
1
1
1
1
1
1
1
1
1
1
1
1
1
1
1
1
1
1
1
1
1
1
1
1
1
1
1
1
1
1
1
1
1
1
1
1
1
1
1
1
1
1
1
1
1
1
1
1
1
1
1
1
1
1
1
1
1
1
1
1
1
1
1
1
1
1
1
1
1
1
1
1
1
1
1
1
1
1
1
1
1
1
1
1
1
1
1
1
1
1
1
1
1
1
1
1
1
1
1
1
1
1
1
1
1
1
1
1
1
1
1
1
1
1
1
1
1
1
1
1
1
1
1
1
1
1
1
1
1
1
1
1
1
1
1
1
1
1
1
1
1
1
1
1
1
1
1
1
1
1
1
1
1
1
1
1
1
1
1
1
1
1
1
1
1
1
1
1
1
1
1
1
1
1
1
1
1
1
1
1
1
1
1
1
1
1
1
1
1
1
1
1
1
1
1
1
1
1
1
1
1
1
1
1
1
1
1
1
1
1
1
1
1
1
1
1
1
1
1
1
1
1
1
1
1
1
1
1
1
1
1
1
1
1
1
1
1
1
1
1
1
1
1
1
1
1
1
1
1
1
1
1
1
1
1
1
1
1
1
1
1
1
1
1
1
1
1
1
1
1
1
1
1
1
1
1
1
1
1
1
1
1
1
1
1
1
1
1
1
1
1
1
1
1
1
1
1
1
1
1
1
1
1
1
1
1
1
1
1
1
1
1
1
1
1
1
1
1
1
1
1
1
1
1
1
1
1
1
1
1
1
1
1
1
1
1
1
1
1
1
1
1
1
1
1
1
1
1
1
1
1
1
1
1
1
1
1
1
1
1
1
1
1
1
1
1
1
1
1
1
1
1
1
1
1
1
1
1
1
1
1
1
1
1
1
1
1
1
1
1
1
1
1
1
1
1
1
1
1
1
1
1
1
1
1
1
1
1
1
1
1
1
1
1
1
1
1
1
1
1
1
1
1
1
1
1
1
1
1
1
1
1
1
1
1
1
1
1
1
1
1
1
1
1
1
1
1
1
1
1
1
1
1
1
1
1
1
1
1
1
1
1
1
1
1
1
1
1
1
1
1
1
1
1
1
1
1
1
1
1
1
1
1
1
1
1
1
1
1
1
1
1
1
1
1
1
1
1
1
1
1
1
1
1
1
1
1
1
1
1
1
1
1
1
1
1
1
1
1
1
1
1
1
1
1
1
1
1
1
1
1
1
1
1
1
1
1
1
1
1
1
1
1
1
1
1
1
1
1
1
1
1
1
1
1
1
1
1
1
1
1
1
1
1
1
1
1
1
1
1
1
1
1
1
1
1
1
1
1
1
1
1
1
1
1
1
1
1
1
1
1
)
;

boundaryField
{
    inlet
    {
        type            fixedValue;
        value           uniform 1;
    }
    outlet
    {
        type            zeroGradient;
    }
    bottom
    {
        type            symmetryPlane;
    }
    top
    {
        type            symmetryPlane;
    }
    obstacle
    {
        type            zeroGradient;
    }
    defaultFaces
    {
        type            empty;
    }
}


// ************************************************************************* //
