/*--------------------------------*- C++ -*----------------------------------*\
| =========                 |                                                 |
| \\      /  F ield         | OpenFOAM: The Open Source CFD Toolbox           |
|  \\    /   O peration     | Version:  2206                                  |
|   \\  /    A nd           | Website:  www.openfoam.com                      |
|    \\/     M anipulation  |                                                 |
\*---------------------------------------------------------------------------*/
FoamFile
{
    version     2.0;
    format      ascii;
    arch        "LSB;label=32;scalar=64";
    class       volScalarField;
    location    "0.12";
    object      T;
}
// * * * * * * * * * * * * * * * * * * * * * * * * * * * * * * * * * * * * * //

dimensions      [0 0 0 1 0 0 0];

internalField   nonuniform List<scalar> 
4800
(
1
1
1
1
1
1
1
1
1
1
1
1
1
1
1
1
1
1
1
1
1
1
1
1
1
1
1
1
1
1
1
1
1
1
1
1
1
1
1
1
1
1
1
1
1
1
1
1
1
1
1
1
1
1
1
1
1
1
1
1
1
1
1
1
1
1
1
1
1
1
1
1
1
1
1
1
1
1
1
1
1
1
1
1
1
1
1
1
1
1
1
1
1
1
1
1
1
1
1
1
1
1
1
1
1
1
1
1
1
1
1
1
1
1
1
1
1
1
1
1
1
1
1
1
1
1
1
1
1
1
1
1
1
1
1
1
1
1
1
1
1
1
1
1
1
1
1
1
1
1
1
1
1
1
1
1
1
1
1
1
1
1
1
1
1
1
1
1
1
1
1
1
1
1
1
1
1
1
1
1
1
1
1
1
1
1
1
1
1
1
1
1
1
1
1
1
1
1
1
1
1
1
1
1
1
1
1
1
1
1
1
1
1
1
1
1
1
1
1
1
1
1
1
1
1
1
1
1
1
1
1
1
1
1
1
1
1
1
1
1
1
1
1
1
1
1
1
1
1
1
1
1
1
1
1
1
1
1
1
1
1
1
1
1
1
1
1
1
1
1
1
1
1
1
1
1
1
1
1
1
1
1
1
1
1
1
1
1
1
1
1
1
1
1
1
1
1
1
1
1
1
1
1
1
1
1
1
1
1
1
1
1
1
1
1
1
1
1
1
1
1
1
1
1
1
1
1
1
1
1
1
1
1
1
1
1
1
1
1
1
1
1
1
1
1
1
1
1
1
1
1
1
1
1
1
1
1
1
1
1
1
1
1
1
1
1
1
1
1
1
1
1
1
1
1
1
1
1
1
1
1
1
1
1
1
1
1
1
1
1
1
1
1
1
1
1
1
1
1
1
1
1
1
1
1
1
1
1
1
1
1
1
1
1
1
1
1
1
1
1
1
1
1
1
1
1
1
1
1
1
1
1
1
1
1
1
1
1
1
1
1
1
1
1
1
1
1
1
1
1
1
1
1
1
1
1
1
1
1
1
1
1
1
1
1
1
1
1
1
1
1
1
1
1
1
1
1
1
1
1
1
1
1
1
1
1
1
1
1
1
1
1
1
1
1
1
1
1
1
1
1
1
1
1
1
1
1
1
1
1
1
1
1
1
1
1
1
1
1
1
1
1
1
1
1
1
1
1
1
1
1
1
1
1
1
1
1
1
1
1
1
1
1
1
1
1
1
1
1
1
1
1
1
1
1
1
1
1
1
1
1
1
1
1
1
1
1
1
1
1
1
1
1
1
1
1
1
1
1
1
1
1
1
1
1
1
1
1
1
1
1
1
1
1
1
1
1
1
1
1
1
1
1
1
1
1
1
1
1
1
1
1
1
1
1
1
1
1
1
1
1
1
1
1
1
1
1
1
1
1
1
1
1
1
1
1
1
1
1
1
1
1
1
1
1
1
1
1
1
1
1
1
1
1
1
1
1
1
1
1
1
1
1
1
1
1
1
1
1
1
1
1
1
1
1
1
1
1
1
1
1
1
1
1
1
1
1
1
1
1
1
1
1
1
1
1
1
1
1
1
1
1
1
1
1
1
1
1
1
1
1
1
1
1
1
1
1
1
1
1
1
1
1
1
1
1
1
1
1
1
1
1
1
1
1
1
1
1
1
1
1
1
1
1
1
1
1
1
1
1
1
1
1
1
1
1
1
1
1
1
1
1
1
1
1
1
1
1
1
1
1
1
1
1
1
1
1
1
1
1
1
1
1
1
1
1
1
1
1
1
1
1
1
1
1
1
1
1
1
1
1
1
1
1
1
1
1
1
1
1
1
1
1
1
1
1
1
1
1
1
1
1
1
1
1
1
1
1
1
1
1
1
1
1
1
1
1
1
1
1
1
1
1
1
1
1
1
1
1
1
1
1
1
1
1
1
1
1
1
1
1
1
1
1
1
1
1
1
1
1
1
1
1
1
1
1
1
1
1
1
1
1
1
1
1
1
1
1
1
1
1
1
1
1
1
1
1
1
1
1
1
1
1
1
1
1
1
1
1
1
1
1
1
1
1
1
1
1
1
1
1
1
1
1
1
1
1
1
1
1
1
1
1
1
1
1
1
1
1
1
1
1
1
1
1
1
1
1
1
1
1
1
1
1
1
1
1
1
1
1
1
1
1
1
1
1
1
1
1
1
1
1
1
1
1
1
1
1
1
1
1
1
1
1
1
1
1
1
1
1
1
1
1
1
1
1
1
1
1
1
1
1
1
1
1
1
1
1
1
1
1
1
1
1
1
1
1
1
1
1
1
1
1
1
1
1
1
1
1
1
1
1
1
1
1
1
1
1
1
1
1
1
1
1
1
1
1
1
1
1
1
1
1
1
1
1
1
1
1
1
1
1
1
1
1
1
1
1
1
1
1
1
1
1
1
1
1
1
1
1
1
1
1
1
1
1
1
1
1
1
1
1
1
1
1
1
1
1
1
1
1
1
1
1
1
1
1
1
1
1
1
1
1
1
1
1
1
1
1
1
1
1
1
1
1
1
1
1
1
1
1
1
1
1
1
1
1
1
1
1
1
1
1
1
1
1
1
1
1
1
1
1
1
1
1
1
1
1
1
1
1
1
1
1
1
1
1
1
1
1
1
1
1
1
1
1
1
1
1
1
1
1
1
1
1
1
1
1
1
1
1
1
1
1
1
1
1
1
1
1
1
1
1
1
1
1
1
1
1
1
1
1
1
1
1
1
1
1
1
1
1
1
1
1
1
1
1
1
1
1
1
1
1
1
1
1
1
1
1
1
1
1
1
1
1
1
1
1
1
1
1
1
1
1
1
1
1
1
1
1
1
1
1
1
1
1
1
1
1
1
1
1
1
1
1
1
1
1
1
1
1
1
1
1
1
1
1
1
1
1
1
1
1
1
1
1
1
1
1
1
1
1
1
1
1
1
1
1
1
1
1
1
1
1
1
1
1
1
1
1
1
1
1
1
1
1
1
1
1
1
1
1
1
1
1
1
1
1
1
1
1
1
1
1
1
1
1
1
1
1
1
1
1
1
1
1
1
1
1
1
1
1
1
1
1
1
1
1
1
1
1
1
1
1
1
1
1
1
1
1
1
1
1
1
1
1
1
1
1
1
1
1
1
1
1
1
1
1
1
1
1
1
1
1
1
1
1
1
1
1
1
1
1
1
1
1
1
1
1
1
1
1
1
1
1
1
1
1
1
1
1
1
1
1
1
1
1
1
1
1
1
1
1
1
1
1
1
1
1
1
1
1
1
1
1
1
1
1
1
1
1
1
1
1
1
1
1
1
1
1
1
1
1
1
1
1
1
1
1
1
1
1
1
1
1
1
1
1
1
1
1
1
1
1
1
1
1
1
1
1
1
1
1
1
1
1
1
1
1
1
1
1
1
1
1
1
1
1
1
1
1
1
1
1
1
1
1
1
1
1
1
1
1
1
1
1
1
1
1
1
1
1
1
1
1
1
1
1
1
1
1
1
1
1
1
1
1
1
1
1
1
1
1
1
1
1
1
1
1
1
1
1
1
1
1
1
1
1
1
1
1
1
1
1
1
1
1
1
1
1
1
1
1
1
1
1
1
1
1
1
1.06885
1.16
1.24866
1.35591
1.45804
1.55045
1.6249
1.73341
1.877
1.96866
2.02178
2.0875
2.20567
2.31843
2.34532
2.35731
2.39047
2.42538
2.42314
2.41104
2.39709
2.37925
2.34338
2.28395
2.19934
2.15035
2.12574
2.10184
2.07551
2.07671
2.08101
2.08282
2.0824
2.08453
2.09412
2.11032
2.12342
2.1264
2.12996
2.13499
2.14229
2.15156
2.15529
2.1559
2.15605
2.15607
2.15427
2.14999
2.14774
2.14825
2.15576
2.16959
2.17667
2.17775
2.17629
2.17046
2.15868
2.14775
2.14546
2.14709
2.15657
2.17396
2.18423
2.186
2.18412
2.17548
2.16002
2.14765
2.14497
2.14598
2.1529
2.16982
2.18647
2.19316
2.19379
2.19032
2.17923
2.16293
2.14984
2.14897
1
1
1
1
0.999356
1.0053
1.0137
1.00205
1.03301
1.18275
1.29801
1.35207
1.46246
1.61547
1.73692
1.76012
1.80541
1.90335
1.97144
2.01671
2.04531
2.09266
2.09551
2.09524
2.15495
2.2174
2.22697
2.22108
2.2138
2.20115
2.1913
2.18636
2.17898
2.16625
2.15702
2.15387
2.14979
2.14299
2.13373
2.13343
2.13791
2.14834
2.15699
2.16119
2.16473
2.16669
2.16624
2.16386
2.16356
2.16347
2.16519
2.1665
2.16938
2.17477
2.17723
2.17629
2.17361
2.17242
2.17086
2.16924
2.16882
2.16887
2.17131
2.17787
2.17978
2.17784
2.17345
2.17128
2.16918
2.16945
2.172
2.17425
2.17554
2.17997
2.18314
2.18321
2.17882
2.17262
2.17075
2.17056
1
1
1
1
1
0.999998
1
1
0.999997
1
1
1
1
0.99908
1.00749
1.02514
1.06091
1.22868
1.4227
1.55157
1.69995
1.87602
2.06329
2.18672
2.28568
2.36198
2.3591
2.34638
2.33155
2.31653
2.30287
2.28839
2.27163
2.25143
2.22052
2.20313
2.18884
2.17502
2.16894
2.16892
2.17159
2.17805
2.18515
2.19042
2.19366
2.19791
2.1999
2.19819
2.1962
2.19625
2.19415
2.18896
2.18721
2.18743
2.19154
2.20113
2.20524
2.20513
2.20436
2.20092
2.19254
2.18403
2.18162
2.18123
2.18576
2.19693
2.20167
2.20156
2.20046
2.19765
2.19492
2.1911
2.18563
2.1809
2.17911
2.18084
2.18936
2.19699
2.1988
2.1995
1
1
1
1
1
1
1
1
1
1
1
1
1
1
1
1
1
1
1
0.999142
1.00568
1.0435
1.21103
1.53561
1.77118
2.01048
2.13666
2.21501
2.29567
2.29594
2.29328
2.28308
2.26403
2.26916
2.28339
2.2943
2.29123
2.27103
2.25852
2.25596
2.25157
2.24397
2.22823
2.21628
2.21055
2.21105
2.2181
2.22931
2.23297
2.23261
2.22988
2.22349
2.21962
2.2179
2.21787
2.2263
2.24072
2.24481
2.24461
2.23848
2.22131
2.20511
2.20052
2.20018
2.20464
2.2187
2.23176
2.23625
2.23601
2.23172
2.22366
2.2118
2.20132
2.19635
2.19509
2.19586
2.20154
2.21451
2.22547
2.22642
1
1
1
1
1
1
1
1
1
1
1
1
1
1
1
1
1
1
1
1
1
1
1
0.999965
0.998616
1.06352
1.29733
1.48306
1.70113
1.91743
2.10152
2.27007
2.31537
2.33964
2.36461
2.36148
2.35516
2.3487
2.34267
2.33483
2.32239
2.29505
2.26276
2.24364
2.24176
2.24437
2.25374
2.26539
2.2679
2.26405
2.25785
2.25116
2.2446
2.24389
2.2438
2.24664
2.25814
2.26874
2.27098
2.26821
2.25271
2.23509
2.2301
2.23051
2.23387
2.24103
2.2506
2.25762
2.26086
2.26043
2.25178
2.23537
2.22517
2.22338
2.22226
2.22122
2.22141
2.22487
2.23807
2.24594
1
1
1
1
1
1
1
1
1
1
1
1
1
1
1
1
1
1
1
1
1
1
1
1
1
1
1
0.999735
0.998563
1.07237
1.21286
1.46981
1.77878
1.95521
2.09634
2.16174
2.2042
2.26269
2.3092
2.3169
2.3166
2.31829
2.30146
2.27547
2.26604
2.2676
2.27849
2.29249
2.29486
2.28915
2.28212
2.27255
2.25986
2.25422
2.25439
2.25895
2.26711
2.2755
2.27947
2.27967
2.27906
2.27703
2.27122
2.2673
2.26548
2.26402
2.26324
2.26279
2.26297
2.26552
2.26536
2.26181
2.25923
2.25831
2.25693
2.25197
2.25033
2.25307
2.25401
2.25194
1
1
1
1
1
1
1
1
1
1
1
1
1
1
1
1
1
1
1
1
1
1
1
1
1
1
1
1
1
1
1
0.999173
1.01061
1.05089
1.16787
1.46592
1.70036
1.86855
2.03206
2.1675
2.30246
2.31839
2.31448
2.30298
2.29189
2.29318
2.296
2.29338
2.28702
2.27933
2.27667
2.27887
2.27724
2.26886
2.26328
2.26214
2.26421
2.26907
2.27158
2.27496
2.28459
2.29531
2.30082
2.30137
2.29778
2.28433
2.27043
2.26207
2.26004
2.26073
2.2676
2.2775
2.28541
2.29097
2.29116
2.28862
2.282
2.27512
2.26442
2.25613
1
1
1
1
1
1
1
1
1
1
1
1
1
1
1
1
1
1
1
1
1
1
1
1
1
1
1
1
1
1
1
1
1
1
1
0.999438
1.00095
1.05666
1.29253
1.51014
1.76467
1.92085
2.04043
2.18113
2.23398
2.24824
2.25012
2.24373
2.24412
2.24939
2.26329
2.28512
2.28998
2.28874
2.28063
2.2711
2.26283
2.25712
2.25639
2.25703
2.2633
2.28263
2.2994
2.30338
2.30313
2.29421
2.27156
2.2616
2.2612
2.26287
2.26859
2.28396
2.29771
2.30219
2.30252
2.30018
2.29235
2.2766
2.26484
2.26214
1
1
1
1
1
1
1
1
1
1
1
1
1
1
1
1
1
1
1
1
1
1
1
1
1
1
1
1
1
1
1
1
1
1
1
1
1
1
1
0.999025
1.01465
1.12833
1.26846
1.52176
1.80305
2.00962
2.14634
2.18545
2.19732
2.20829
2.22959
2.26342
2.28255
2.2834
2.27851
2.27139
2.26405
2.25138
2.24119
2.23935
2.24058
2.24937
2.27715
2.29457
2.29476
2.29141
2.28466
2.27374
2.26783
2.26549
2.26732
2.27341
2.28144
2.29001
2.29511
2.29497
2.28977
2.28578
2.28357
2.27853
1
1
1
1
1
1
1
1
1
1
1
1
1
1
1
1
1
1
1
1
1
1
1
1
1
1
1
1
1
1
1
1
1
1
1
1
1
1
1
1
1
1
0.999618
0.999251
1.08524
1.23136
1.41931
1.65432
1.8935
2.0233
2.05643
2.11272
2.18774
2.22721
2.24609
2.25286
2.26072
2.26123
2.25166
2.22899
2.21988
2.22562
2.2399
2.25617
2.26651
2.27038
2.27192
2.27727
2.27994
2.27856
2.27362
2.26888
2.2683
2.26875
2.26816
2.26829
2.27054
2.27801
2.28773
2.2917
1
1
1
1
1
1
1
1
1
1
1
1
1
1
1
1
1
1
1
1
1
1
1
1
1
1
1
1
1
1
1
1
1
1
1
1
1
1
1
1
1
1
1
1
1
1
0.999148
1.01421
1.08158
1.30817
1.57426
1.7352
1.91236
2.04358
2.12272
2.18028
2.21938
2.23259
2.23362
2.23192
2.22947
2.2228
2.21948
2.22128
2.22154
2.22357
2.24022
2.2622
2.27295
2.27763
2.27907
2.27681
2.26201
2.24766
2.24532
2.24626
2.25081
2.26151
2.28093
2.28863
1
1
1
1
1
1
1
1
1
1
1
1
1
1
1
1
1
1
1
1
1
1
1
1
1
1
1
1
1
1
1
1
1
1
1
1
1
1
1
1
1
1
1
1
1
1
1
1
1
0.999365
1.0083
1.03444
1.21096
1.5678
1.77191
1.8715
1.95748
2.09347
2.19379
2.21838
2.2171
2.22812
2.22905
2.21384
2.1888
2.18383
2.1929
2.21981
2.25059
2.25824
2.25927
2.26119
2.26203
2.25307
2.23619
2.23267
2.23525
2.24814
2.26163
2.26931
1
1
1
1
1
1
1
1
1
1
1
1
1
1
1
1
1
1
1
1
1
1
1
1
1
1
1
1
1
1
1
1
1
1
1
1
1
1
1
1
1
1
1
1
1
1
1
1
1
1
1
1
0.999492
1.00594
1.04677
1.20837
1.39988
1.61668
1.88645
2.03372
2.15532
2.19349
2.1911
2.18677
2.18117
2.16795
2.17427
2.19627
2.21717
2.21984
2.22283
2.23355
2.24225
2.24251
2.24003
2.24185
2.2449
2.24646
2.24609
2.24801
1
1
1
1
1
1
1
1
1
1
1
1
1
1
1
1
1
1
1
1
1
1
1
1
1
1
1
1
1
1
1
1
1
1
1
1
1
1
1
1
1
1
1
1
1
1
1
1
1
1
1
1
1
1
1
0.999962
0.999044
1.02346
1.28396
1.59843
1.77455
1.87036
2.01768
2.14901
2.18218
2.17998
2.2033
2.2114
2.20073
2.18283
2.17023
2.17398
2.19401
2.21628
2.22614
2.2315
2.23823
2.2446
2.2451
2.23525
1
1
1
1
1
1
1
1
1
1
1
1
1
1
1
1
1
1
1
1
1
1
1
1
1
1
1
1
1
1
1
1
1
1
1
1
1
1
1
1
1
1
1
1
1
1
1
1
1
1
1
1
1
1
1
1
1
1
0.999245
1.01212
1.09475
1.24007
1.42889
1.76792
1.99294
2.13144
2.17956
2.18362
2.17897
2.17498
2.15598
2.15332
2.1668
2.19093
2.20876
2.21618
2.22378
2.23372
2.23736
2.23286
1
1
1
1
1
1
1
1
1
1
1
1
1
1
1
1
1
1
1
1
1
1
1
1
1
1
1
1
1
1
1
1
1
1
1
1
1
1
1
1
1
1
1
1
1
1
1
1
1
1
1
1
1
1
1
1
1
1
1
1
0.999999
0.999509
1.00168
1.13794
1.52994
1.76629
1.85457
2.01242
2.14668
2.18306
2.17859
2.1876
2.19808
2.19125
2.18745
2.18446
2.18569
2.20211
2.21746
2.21799
1
1
1
1
1
1
1
1
1
1
1
1
1
1
1
1
1
1
1
1
1
1
1
1
1
1
1
1
1
1
1
1
1
1
1
1
1
1
1
1
1
1
1
1
1
1
1
1
1
1
1
1
1
1
1
1
1
1
1
1
1
1
1
0.999535
1.00947
1.09046
1.24266
1.43977
1.78477
2.00644
2.12235
2.17729
2.18865
2.1884
2.18962
2.18541
2.1783
2.18046
2.18598
2.18675
1
1
1
1
1
1
1
1
1
1
1
1
1
1
1
1
1
1
1
1
1
1
1
1
1
1
1
1
1
1
1
1
1
1
1
1
1
1
1
1
1
1
1
1
1
1
1
1
1
1
1
1
1
1
1
1
1
1
1
1
1
1
1
1
1
0.999999
0.999614
1.00318
1.14041
1.55051
1.83067
1.91807
2.05697
2.16251
2.19856
2.20325
2.20242
2.20744
2.19615
2.17155
1
1
1
1
1
1
1
1
1
1
1
1
1
1
1
1
1
1
1
1
1
1
1
1
1
1
1
1
1
1
1
1
1
1
1
1
1
1
1
1
1
1
1
1
1
1
1
1
1
1
1
1
1
1
1
1
1
1
1
1
1
1
1
1
1
1
1
0.999987
0.999726
1.01768
1.16725
1.40264
1.6268
1.93551
2.06988
2.13788
2.1992
2.20064
2.18814
2.16006
1
1
1
1
1
1
1
1
1
1
1
1
1
1
1
1
1
1
1
1
1
1
1
1
1
1
1
1
1
1
1
1
1
1
1
1
1
1
1
1
1
1
1
1
1
1
1
1
1
1
1
1
1
1
1
1
1
1
1
1
1
1
1
1
1
1
1
1
0.999999
1
0.999816
1.00556
1.0433
1.30012
1.78553
2.01242
2.0847
2.15958
2.16007
2.16454
1
1
1
1
1
1
1
1
1
1
1
1
1
1
1
1
1
1
1
1
1
1
1
1
1
1
1
1
1
1
1
1
1
1
1
1
1
1
1
1
1
1
1
1
1
1
1
1
1
1
1
1
1
1
1
1
1
1
1
1
1
1
1
1
1
1
1
1
1
1
0.999998
0.999998
0.9999
1.00233
1.14674
1.5217
1.70743
1.88893
2.08455
2.18703
1
1
1
1
1
1
1
1
1
1
1
1
1
1
1
1
1
1
1
1
1
1
1
1
1
1
1
1
1
1
1
1
1
1
1
1
1
1
1
1
1
1
1
1
1
1
1
1
1
1
1
1
1
1
1
1
1
1
1
1
1
1
1
1
1
1
1
1
1
1
1
1
0.999999
0.999987
1.00017
1.01517
1.1233
1.31726
1.673
2.09064
1
1
1
1
1
1
1
1
1
1
1
1
1
1
1
1
1
1
1
1
1
1
1
1
1
1
1
1
1
1
1
1
1
1
1
1
1
1
1
1
1
1
1
1
1
1
1
1
1
1
1
1
1
1
1
1
1
1
1
1
1
1
1
1
1
1
1
1
1
1
1
1
1
1
0.999999
1.00001
1.00006
1.00399
1.10174
1.84208
1
1
1
1
1
1
1
1
1
1
1
1
1
1
1
1
1
1
1
1
1
1
1
1
1
1
1
1
1
1
1
1
1
1
1
1
1
1
1
1
1
1
1
1
1
1
1
1
1
1
1
1
1
1
1
1
1
1
1
1
1
1
1
1
1
1
1
1
1
1
1
1
1
1
1
1
1
0.999988
1.00057
1.24115
1
1
1
1
1
1
1
1
1
1
1
1
1
1
1
1
1
1
1
1
1
1
1
1
1
1
1
1
1
1
1
1
1
1
1
1
1
1
1
1
1
1
1
1
1
1
1
1
1
1
1
1
1
1
1
1
1
1
1
1
1
1
1
1
1
1
1
1
1
1
1
1
1
1
1
1
1
0.999999
0.999999
1.0057
1
1
1
1
1
1
1
1
1
1
1
1
1
1
1
1
1
1
1
1
1
1
1
1
1
1
1
1
1
1
1
1
1
1
1
1
1
1
1
1
1
1
1
1
1
1
1
1
1
1
1
1
1
1
1
1
1
1
1
1
1
1
1
1
1
1
1
1
1
1
1
1
1
1
1
1
1
1
1
1.00001
1
1
1
1
1
1
1
1
1
1
1
1
1
1
1
1
1
1
1
1
1
1
1
1
1
1
1
1
1
1
1
1
1
1
1
1
1
1
1
1
1
1
1
1
1
1
1
1
1
1
1
1
1
1
1
1
1
1
1
1
1
1
1
1
1
1
1
1
1
1
1
1
1
1
1
1
1
1
1
1
1
1
1
1
1
1
1
1
1
1
1
1
1
1
1
1
1
1
1
1
1
1
1
1
1
1
1
1
1
1
1
1
1
1
1
1
1
1
1
1
1
1
1
1
1
1
1
1
1
1
1
1
1
1
1
1
1
1
1
1
1
1
1
1
1
1
1
1
1
1
1
1
1
1
1
1
1
1
1
1
1
1
1
1
1
1
1
1
1
1
1
1
1
1
1
1
1
1
1
1
1
1
1
1
1
1
1
1
1
1
1
1
1
1
1
1
1
1
1
1
1
1
1
1
1
1
1
1
1
1
1
1
1
1
1
1
1
1
1
1
1
1
1
1
1
1
1
1
1
1
1
1
1
1
1
1
1
1
1
1
1
1
1
1
1
1
1
1
1
1
1
1
1
1
1
1
1
1
1
1
1
1
1
1
1
1
1
1
1
1
1
1
1
1
1
1
1
1
1
1
1
1
1
1
1
1
1
1
1
1
1
1
1
1
1
1
1
1
1
1
1
1
1
1
1
1
1
1
1
1
1
1
1
1
1
1
1
1
1
1
1
1
1
1
1
1
1
1
1
1
1
1
1
1
1
1
1
1
1
1
1
1
1
1
1
1
1
1
1
1
1
1
1
1
1
1
1
1
1
1
1
1
1
1
1
1
1
1
1
1
1
1
1
1
1
1
1
1
1
1
1
1
1
1
1
1
1
1
1
1
1
1
1
1
1
1
1
1
1
1
1
1
1
1
1
1
1
1
1
1
1
1
1
1
1
1
1
1
1
1
1
1
1
1
1
1
1
1
1
1
1
1
1
1
1
1
1
1
1
1
1
1
1
1
1
1
1
1
1
1
1
1
1
1
1
1
1
1
1
1
1
1
1
1
1
1
1
1
1
1
1
1
1
1
1
1
1
1
1
1
1
1
1
1
1
1
1
1
1
1
1
1
1
1
1
1
1
1
1
1
1
1
1
1
1
1
1
1
1
1
1
1
1
1
1
1
1
1
1
1
1
1
1
1
1
1
1
1
1
1
1
1
1
1
1
1
1
1
1
1
1
1
1
1
1
1
1
1
1
1
1
1
1
1
1
1
1
1
1
1
1
1
1
1
1
1
1
1
1
1
1
1
1
1
1
1
1
1
1
1
1
1
1
1
1
1
1
1
1
1
1
1
1
1
1
1
1
1
1
1
1
1
1
1
1
1
1
1
1
1
1
1
1
1
1
1
1
1
1
1
1
1
1
1
1
1
1
1
1
1
1
1
1
1
1
1
1
1
1
1
1
1
1
1
1
1
1
1
1
1
1
1
1
1
1
1
1
1
1
1
1
1
1
1
1
1
1
1
1
1
1
1
1
1
1
1
1
1
1
1
1
1
1
1
1
1
1
1
1
1
1
1
1
1
1
1
1
1
1
1
1
1
1
1
1
1
1
1
1
1
1
1
1
1
1
1
1
1
1
1
1
1
1
1
1
1
1
1
1
1
1
1
1
1
1
1
1
1
1
1
1
1
1
1
1
1
1
1
1
1
1
1
1
1
1
1
1
1
1
1
1
1
1
1
1
1
1
1
1
1
1
1
1
1
1
1
1
1
1
1
1
1
1
1
1
1
1
1
1
1
1
1
1
1
1
1
1
1
1
1
1
1
1
1
1
1
1
1
1
1
1
1
1
1
1
1
1
1
1
1
1
1
1
1
1
1
1
1
1
1
1
1
1
1
1
1
1
1
1
1
1
1
1
1
1
1
1
1
1
1
1
1
1
1
1
1
1
1
1
1
1
1
1
1
1
1
1
1
1
1
1
1
1
1
1
1
1
1
1
1
1
1
1
1
1
1
1
1
1
1
1
1
1
1
1
1
1
1
1
1
1
1
1
1
1
1
1
1
1
1
1
1
1
1
1
1
1
1
1
1
1
1
1
1
1
1
1
1
1
1
1
1
1
1
1
1
1
1
1
1
1
1
1
1
1
1
1
1
1
1
1
1
1
1
1
1
1
1
1
1
1
1
1
1
1
1
1
1
1
1
1
1
1
1
1
1
1
1
1
1
1
1
1
1
1
1
1
1
1
1
1
1
1
1
1
1
1
1
1
1
1
1
1
1
1
1
1
1
1
1
1
1
1
1
1
1
1
1
1
1
1
1
1
1
1
1
1
1
1
1
1
1
1
1
1
1
1
1
1
1
1
1
1
1
1
1
1
1
1
1
1
1
1
1
1
1
1
1
1
1
1
1
1
1
1
1
1
1
1
1
1
1
1
1
1
1
1
1
1
1
1
1
1
1
1
1
1
1
1
1
1
1
1
1
1
1
1
1
1
1
1
1
1
1
1
1
1
1
1
1
1
1
1
1
1
1
1
1
1
1
)
;

boundaryField
{
    inlet
    {
        type            fixedValue;
        value           uniform 1;
    }
    outlet
    {
        type            zeroGradient;
    }
    bottom
    {
        type            symmetryPlane;
    }
    top
    {
        type            symmetryPlane;
    }
    obstacle
    {
        type            zeroGradient;
    }
    defaultFaces
    {
        type            empty;
    }
}


// ************************************************************************* //
