/*--------------------------------*- C++ -*----------------------------------*\
| =========                 |                                                 |
| \\      /  F ield         | OpenFOAM: The Open Source CFD Toolbox           |
|  \\    /   O peration     | Version:  2206                                  |
|   \\  /    A nd           | Website:  www.openfoam.com                      |
|    \\/     M anipulation  |                                                 |
\*---------------------------------------------------------------------------*/
FoamFile
{
    version     2.0;
    format      ascii;
    arch        "LSB;label=32;scalar=64";
    class       volScalarField;
    location    "0.14";
    object      p;
}
// * * * * * * * * * * * * * * * * * * * * * * * * * * * * * * * * * * * * * //

dimensions      [1 -1 -2 0 0 0 0];

internalField   nonuniform List<scalar> 
4800
(
1
1
1
1
1
1
1
1
1
1
1
1
1
1
1
1
1
1
1
1
1
1
1
1
1
1
1
1
1
1
1
1
1
1
1
1
1
1
1
1
1
1
1
1
1
1
1
1
1
1
1
1
1
1
1
1
1
1
1
1
1
1
1
1
1
1
1
1
1
1
1
1
1
1
1
1
1
1
1
1
1
1
1
1
1
1
1
1
1
1
1
1
1
1
1
1
1
1
1
1
1
1
1
1
1
1
1
1
1
1
1
1
1
1
1
1
1
1
1
1
1
1
1
1
1
1
1
1
1
1
1
1
1
1
1
1
1
1
1
1
1
1
1
1
1
1
1
1
1
1
1
1
1
1
1
1
1
1
1
1
1
1
1
1
1
1
1
1
1
1
1
1
1
1
1
1
1
1
1
1
1
1
1
1
1
1
1
1
1
1
1
1
1
1
1
1
1
1
1
1
1
1
1
1
1
1
1
1
1
1
1
1
1
1
1
1
1
1
1
1
1
1
1
1
1
1
1
1
1
1
1
1
1
1
1
1
1
1
1
1
1
1
1
1
1
1
1
1
1
1
1
1
1
1
1
1
1
1
1
1
1
1
1
1
1
1
1
1
1
1
1
1
1
1
1
1
1
1
1
1
1
1
1
1
1
1
1
1
1
1
1
1
1
1
1
1
1
1
1
1
1
1
1
1
1
1
1
1
1
1
1
1
1
1
1
1
1
1
1
1
1
1
1
1
1
1
1
1
1
1
1
1
1
1
1
1
1
1
1
1
1
1
1
1
1
1
1
1
1
1
1
1
1
1
1
1
1
1
1
1
1
1
1
1
1
1
1
1
1
1
1
1
1
1
1
1
1
1
1
1
1
1
1
1
1
1
1
1
1
1
1
1
1
1
1
1
1
1
1
1
1
1
1
1
1
1
1
1
1
1
1
1
1
1
1
1
1
1
1
1
1
1
1
1
1
1
1
1
1
1
1
1
1
1
1
1
1
1
1
1
1
1
1
1
1
1
1
1
1
1
1
1
1
1
1
1
1
1
1
1
1
1
1
1
1
1
1
1
1
1
1
1
1
1
1
1
1
1
1
1
1
1
1
1
1
1
1
1
1
1
1
1
1
1
1
1
1
1
1
1
1
1
1
1
1
1
1
1
1
1
1
1
1
1
1
1
1
1
1
1
1
1
1
1
1
1
1
1
1
1
1
1
1
1
1
1
1
1
1
1
1
1
1
1
1
1
1
1
1
1
1
1
1
1
1
1
1
1
1
1
1
1
1
1
1
1
1
1
1
1
1
1
1
1
1
1
1
1
1
1
1
1
1
1
1
1
1
1
1
1
1
1
1
1
1
1
1
1
1
1
1
1
1
1
1
1
1
1
1
1
1
1
1
1
1
1
1
1
1
1
1
1
1
1
1
1
1
1
1
1
1
1
1
1
1
1
1
1
1
1
1
1
1
1
1
1
1
1
1
1
1
1
1
1
1
1
1
1
1
1
1
1
1
1
1
1
1
1
1
1
1
1
1
1
1
1
1
1
1
1
1
1
1
1
1
1
1
1
1
1
1
1
1
1
1
1
1
1
1
1
1
1
1
1
1
1
1
1
1
1
1
1
1
1
1
1
1
1
1
1
1
1
1
1
1
1
1
1
1
1
1
1
1
1
1
1
1
1
1
1
1
1
1
1
1
1
1
1
1
1
1
1
1
1
1
1
1
1
1
1
1
1
1
1
1
1
1
1
1
1
1
1
1
1
1
1
1
1
1
1
1
1
1
1
1
1
1
1
1
1
1
1
1
1
1
1
1
1
1
1
1
1
1
1
1
1
1
1
1
1
1
1
1
1
1
1
1
1
1
1
1
1
1
1
1
1
1
1
1
1
1
1
1
1
1
1
1
1
1
1
1
1
1
1
1
1
1
1
1
1
1
1
1
1
1
1
1
1
1
1
1
1
1
1
1
1
1
1
1
1
1
1
1
1
1
1
1
1
1
1
1
1
1
1
1
1
1
1
1
1
1
1
1
1
1
1
1
1
1
1
1
1
1
1
1
1
1
1
1
1
1
1
1
1
1
1
1
1
1
1
1
1
1
1
1
1
1
1
1
1
1
1
1
1
1
1
1
1
1
1
1
1
1
1
1
1
1
1
1
1
1
1
1
1
1
1
1
1
1
1
1
1
1
1
1
1
1
1
1
1
1
1
1
1
1
1
1
1
1
1
1
1
1
1
1
1
1
1
1
1
1
1
1
1
1
1
1
1
1
1
1
1
1
1
1
1
1
1
1
1
1
1
1
1
1
1
1
1
1
1
1
1
1
1
1
1
1
1
1
1
1
1
1
1
1
1
1
1
1
1
1
1
1
1
1
1
1
1
1
1
1
1
1
1
1
1
1
1
1
1
1
1
1
1
1
1
1
1
1
1
1
1
1
1
1
1
1
1
1
1
1
1
1
1
1
1
1
1
1
1
1
1
1
1
1
1
1
1
1
1
1
1
1
1
1
1
1
1
1
1
1
1
1
1
1
1
1
1
1
1
1
1
1
1
1
1
1
1
1
1
1
1
1
1
1
1
1
1
1
1
1
1
1
1
1
1
1
1
1
1
1
1
1
1
1
1
1
1
1
1
1
1
1
1
1
1
1
1
1
1
1
1
1
1
1
1
1
1
1
1
1
1
1
1
1
1
1
1
1
1
1
1
1
1
1
1
1
1
1
1
1
1
1
1
1
1
1
1
1
1
1
1
1
1
1
1
1
1
1
1
1
1
1
1
1
1
1
1
1
1
1
1
1
1
1
1
1
1
1
1
1
1
1
1
1
1
1
1
1
1
1
1
1
1
1
1
1
1
1
1
1
1
1
1
1
1
1
1
1
1
1
1
1
1
1
1
1
1
1
1
1
1
1
1
1
1
1
1
1
1
1
1
1
1
1
1
1
1
1
1
1
1
1
1
1
1
1
1
1
1
1
1
1
1
1
1
1
1
1
1
1
1
1
1
1
1
1
1
1
1
1
1
1
1
1
1
1
1
1
1
1
1
1
1
1
1
1
1
1
1
1
1
1
1
1
1
1
1
1
1
1
1
1
1
1
1
1
1
1
1
1
1
1
1
1
1
1
1
1
1
1
1
1
1
1
1
1
1
1
1
1
1
1
1
1
1
1
1
1
1
1
1
1
1
1
1
1
1
1
1
1
1
1
1
1
1
1
1
1
1
1
1
1
1
1
1
1
1
1
1
1
1
1
1
1
1
1
1
1
1
1
1
1
1
1
1
1
1
1
1
1
1
1
1
1
1
1
1
1
1
1
1
1
1
1
1
1
1
1
1
1
1
1
1
1
1
1
1
1
1
1
1
1
1
1
1
1
1
1
1
1
1
1
1
1
1
1
1
1
1
1
1
1
1
1
1
1
1
1
1
1
1
1
1
1
1
1
1
1
1
1
1
1
1
1
1
1
1
1
1
1
1
1
1
1
1
1
1
1
1
1
1
1
1
1
1
1
1
1
1
1
1
1
1
1
1
1
1
1
1
1
1
1
1
1
1
1
1
1
1
1
1
1
1
1
1
1
1
1
1
1
1
1
1
1
1
1
1
1
1
1
1
1
1
1
1
1
1
1
1
1.25522
1.65296
2.13959
2.72135
3.35388
3.98691
4.73089
5.88602
6.62525
7.09819
7.77003
9.2798
10.2094
10.2734
10.391
11.0633
11.5756
11.4665
11.2392
11.2016
11.0653
10.597
9.68281
8.60302
7.62222
7.23448
7.21094
7.12167
6.79078
6.45354
6.44573
6.5145
6.58046
6.6165
6.68401
6.88633
7.16268
7.24285
7.21616
7.13367
7.0569
7.06501
7.11507
7.18465
7.28551
7.39632
7.44882
7.45355
7.41964
7.31599
7.17631
7.12723
7.12976
7.18096
7.3195
7.43803
7.47514
7.47339
7.4361
7.3709
7.30584
7.23517
7.16637
7.14023
7.15526
7.27231
7.44991
7.55321
7.5718
7.54535
7.45043
7.2719
7.11222
7.05626
7.05644
7.11274
7.2904
7.55188
7.70832
7.68988
1
1
0.999999
0.999999
0.999893
1.00324
0.995642
1.00649
1.23444
1.51065
1.64148
1.93913
2.49919
3.22024
3.6298
4.14439
5.15014
5.88427
6.21036
6.78065
7.41556
7.45253
7.32412
7.62762
7.93011
8.04874
8.17266
8.13025
7.83836
7.50696
7.47637
7.47519
7.40506
7.23845
7.0135
6.98136
6.99697
6.97907
6.97124
7.02085
7.07113
7.12194
7.14343
7.14251
7.14269
7.1757
7.25998
7.3345
7.35019
7.3224
7.26833
7.26178
7.27539
7.28417
7.28011
7.27228
7.29196
7.34441
7.3665
7.36273
7.35113
7.34471
7.32329
7.2911
7.27524
7.28519
7.29304
7.33163
7.40551
7.42992
7.39764
7.34577
7.32581
7.29393
7.27349
7.29394
7.34107
7.35759
7.39362
7.43206
1
1
1
1
1
1
1.00001
0.99999
0.999998
1
1
1
1
0.998128
1.00992
1.04657
1.25239
1.75699
2.16621
2.70731
3.78105
5.04621
6.6515
7.71798
8.33476
8.93136
9.04617
8.93109
8.62276
8.42653
8.36455
8.2985
8.12714
7.7096
7.18354
6.88752
6.87928
6.91135
6.97723
7.0596
7.12844
7.18359
7.19193
7.16077
7.08943
7.07968
7.09291
7.12116
7.19614
7.29732
7.34121
7.34835
7.36461
7.36654
7.32274
7.245
7.20853
7.20822
7.24519
7.33991
7.41283
7.41775
7.40933
7.40156
7.36947
7.30107
7.23867
7.21492
7.21028
7.27044
7.40837
7.48185
7.50213
7.50467
7.48104
7.4282
7.37399
7.29141
7.21377
7.20457
1
1
1
1
1
1
1
1
1
1
1
1
1
1
1
1
1
1
0.999999
0.997783
1.02078
1.22347
1.70316
2.66178
3.94228
5.09207
6.38465
6.84601
7.21769
7.66654
7.85171
7.93388
7.94189
8.00668
7.85922
7.50811
7.30197
7.2635
7.28405
7.36895
7.39508
7.34852
7.2413
7.07352
6.93668
6.90683
6.91394
6.94892
7.03366
7.19306
7.34402
7.41875
7.43873
7.42598
7.3658
7.24319
7.124
7.10709
7.13622
7.22568
7.37542
7.47501
7.50377
7.50143
7.46259
7.34677
7.21111
7.13607
7.12327
7.15166
7.29853
7.51175
7.5957
7.59917
7.56779
7.50848
7.38002
7.22308
7.1191
7.14126
1
1
1
1
1
1
1
1
1
1
1
1
1
1
1
1
1
1
1
1
0.999994
1
1
0.997705
1.05742
1.19079
1.54932
2.48516
3.51161
4.75947
5.86934
6.7066
7.87693
8.20664
8.2005
8.12486
7.99522
7.87428
7.76715
7.67849
7.52433
7.32687
7.20901
7.14667
7.06608
7.03255
7.018
7.00702
7.01125
7.0904
7.21977
7.3189
7.37689
7.38308
7.36355
7.30289
7.22659
7.19448
7.19974
7.22321
7.29896
7.43471
7.50961
7.52413
7.49958
7.3733
7.22359
7.15702
7.1496
7.16662
7.22643
7.36155
7.50224
7.58304
7.60018
7.54361
7.37634
7.24263
7.17888
7.19438
1
1
1
1
1
1
1
1
1
1
1
1
1
1
1
1
1
1
1
1
1
1
1
1
0.999998
1
1
0.997976
1.0116
1.15895
1.79964
2.49209
3.46169
4.63359
5.60593
6.892
7.24755
7.39729
7.4012
7.28472
7.3025
7.33531
7.33657
7.41576
7.47267
7.47226
7.41743
7.30006
7.13201
6.99425
6.9793
6.99447
7.07085
7.18892
7.28419
7.32508
7.32935
7.30836
7.27824
7.27744
7.28678
7.33012
7.38504
7.41709
7.4296
7.42195
7.3899
7.32791
7.27023
7.25983
7.28555
7.30635
7.32173
7.35053
7.39643
7.41228
7.40246
7.38239
7.33706
7.30519
1
1
1
1
1
1
1
1
1
1
1
1
1
1
1
1
1
1
1
1
1
1
1
1
1
1
1
1
0.999998
0.999996
1
0.998005
1.01363
1.24922
1.65727
2.43423
3.6493
4.87391
6.28792
6.78811
7.25046
7.41143
7.41283
7.49201
7.66964
7.7485
7.70819
7.57027
7.25883
6.98281
6.93786
6.94678
7.01649
7.15874
7.26554
7.3136
7.32958
7.30787
7.25771
7.23739
7.23848
7.20984
7.19993
7.22846
7.3037
7.39969
7.45297
7.47944
7.49842
7.492
7.4125
7.30576
7.21837
7.18042
7.17705
7.23123
7.36498
7.4335
7.47384
7.48086
1
1
1
1
1
1
1
1
1
1
1
1
1
1
1
1
1
1
1
1
1
1
1
1
1
1
1
1
1
1
1
1
1
1
0.999881
0.997557
1.09215
1.28703
1.76701
2.79266
3.92587
5.1651
5.72351
6.28486
6.94959
7.2605
7.39477
7.40601
7.33043
7.20982
7.11879
7.08306
7.08599
7.17739
7.30083
7.33503
7.33081
7.3261
7.33118
7.3139
7.23386
7.15872
7.11364
7.11384
7.14405
7.24459
7.43214
7.54984
7.58509
7.5981
7.57575
7.36276
7.14355
7.10526
7.11401
7.18266
7.34697
7.50228
7.55514
7.53105
1
1
1
1
1
1
1
1
1
1
1
1
1
1
1
1
1
1
1
1
1
1
1
1
1
1
1
1
1
1
1
1
1
1
1
1
1
1
0.998996
1.00776
1.06039
1.37301
2.21114
3.08602
4.2202
5.21316
6.27936
7.17474
7.23865
7.28847
7.35797
7.3386
7.27092
7.19047
7.1613
7.17393
7.20332
7.24563
7.29558
7.34524
7.36009
7.32581
7.18935
7.07753
7.08661
7.1489
7.27113
7.44568
7.56021
7.58431
7.5744
7.52072
7.31301
7.13024
7.1244
7.1956
7.32718
7.38436
7.45085
7.49084
1
1
1
1
1
1
1
1
1
1
1
1
1
1
1
1
1
1
1
1
1
1
1
1
1
1
1
1
1
1
1
1
1
1
1
1
1
1
1
1
1
1
0.998127
1.00928
1.19389
1.79291
2.49566
3.65387
4.65601
5.76627
6.85353
6.97517
6.95621
7.10363
7.01704
6.91227
6.93299
7.0746
7.27739
7.4344
7.46807
7.4433
7.38521
7.277
7.16232
7.13288
7.14439
7.20273
7.29843
7.41519
7.48
7.47546
7.3994
7.35451
7.3584
7.40075
7.40257
7.37983
7.34677
7.33469
1
1
1
1
1
1
1
1
1
1
1
1
1
1
1
1
1
1
1
1
1
1
1
1
1
1
1
1
1
1
1
1
1
1
1
1
1
1
1
1
1
1
1
1
1
0.999886
0.997582
1.09654
1.49968
2.10008
3.28436
4.46077
5.82168
6.72257
6.98852
6.89475
6.81987
6.8911
7.11524
7.43052
7.49516
7.48722
7.47217
7.45868
7.40518
7.30258
7.20159
7.13947
7.13475
7.17052
7.20979
7.27581
7.37752
7.46491
7.56941
7.63599
7.63526
7.5396
7.28265
7.1933
1
1
1
1
1
1
1
1
1
1
1
1
1
1
1
1
1
1
1
1
1
1
1
1
1
1
1
1
1
1
1
1
1
1
1
1
1
1
1
1
1
1
1
1
1
1
1
1
0.999966
0.997883
1.07425
1.41313
1.98011
2.93101
4.14341
5.97514
6.38649
6.41485
6.67451
7.10316
7.16696
7.19547
7.29581
7.42002
7.45501
7.4245
7.37444
7.31278
7.20371
7.13402
7.1491
7.16359
7.18769
7.33926
7.57042
7.64759
7.643
7.57058
7.37465
7.1986
1
1
1
1
1
1
1
1
1
1
1
1
1
1
1
1
1
1
1
1
1
1
1
1
1
1
1
1
1
1
1
1
1
1
1
1
1
1
1
1
1
1
1
1
1
1
1
1
1
1
0.999999
1
0.998164
1.04021
1.20215
1.86318
3.16649
4.39001
5.57862
6.46744
6.64895
6.60239
6.66355
6.95402
7.35893
7.47501
7.4774
7.4965
7.52748
7.45561
7.29723
7.132
7.10675
7.15629
7.30278
7.45794
7.50685
7.47903
7.39755
7.35462
1
1
1
1
1
1
1
1
1
1
1
1
1
1
1
1
1
1
1
1
1
1
1
1
1
1
1
1
1
1
1
1
1
1
1
1
1
1
1
1
1
1
1
1
1
1
1
1
1
1
1
1
1
1
0.999887
0.99813
1.09996
1.34278
1.78479
2.83607
4.90783
5.99188
6.08769
6.39923
7.03852
7.31697
7.3587
7.44825
7.54651
7.56799
7.49095
7.35875
7.21292
7.18788
7.26032
7.32638
7.3028
7.25151
7.25419
7.34013
1
1
1
1
1
1
1
1
1
1
1
1
1
1
1
1
1
1
1
1
1
1
1
1
1
1
1
1
1
1
1
1
1
1
1
1
1
1
1
1
1
1
1
1
1
1
1
1
1
1
1
1
1
1
1
1
1
0.999951
0.998294
1.03802
1.35954
2.46949
3.69883
4.74577
6.02639
6.55154
6.61821
6.74026
7.13722
7.45932
7.49573
7.46876
7.46737
7.50142
7.45327
7.32206
7.17209
7.09981
7.09501
7.21459
1
1
1
1
1
1
1
1
1
1
1
1
1
1
1
1
1
1
1
1
1
1
1
1
1
1
1
1
1
1
1
1
1
1
1
1
1
1
1
1
1
1
1
1
1
1
1
1
1
1
1
1
1
1
1
1
1
1
1
1
0.999053
1.02875
1.18527
1.46522
2.4281
4.60702
5.92153
6.10493
6.49471
7.15812
7.29802
7.29223
7.39564
7.54162
7.61005
7.54262
7.39048
7.19342
7.09459
7.20312
1
1
1
1
1
1
1
1
1
1
1
1
1
1
1
1
1
1
1
1
1
1
1
1
1
1
1
1
1
1
1
1
1
1
1
1
1
1
1
1
1
1
1
1
1
1
1
1
1
1
1
1
1
1
1
1
1
1
1
1
1
1
0.999983
0.998872
1.0252
1.31499
2.53997
3.84174
4.83348
6.30682
6.64779
6.59067
6.72784
7.1062
7.46087
7.51492
7.45278
7.41166
7.42678
7.43173
1
1
1
1
1
1
1
1
1
1
1
1
1
1
1
1
1
1
1
1
1
1
1
1
1
1
1
1
1
1
1
1
1
1
1
1
1
1
1
1
1
1
1
1
1
1
1
1
1
1
1
1
1
1
1
1
1
1
1
1
1
1
1
1
1
0.999113
1.04224
1.2515
1.56876
2.63573
5.14735
6.21794
6.41639
6.72724
7.24863
7.30851
7.17599
7.21677
7.48373
7.60491
1
1
1
1
1
1
1
1
1
1
1
1
1
1
1
1
1
1
1
1
1
1
1
1
1
1
1
1
1
1
1
1
1
1
1
1
1
1
1
1
1
1
1
1
1
1
1
1
1
1
1
1
1
1
1
1
1
1
1
1
1
1
1
1
1
1
1
0.999789
1.00017
1.03839
1.591
3.47458
4.92249
6.0626
7.04989
7.02596
6.69746
6.73161
7.11212
7.46087
1
1
1
1
1
1
1
1
1
1
1
1
1
1
1
1
1
1
1
1
1
1
1
1
1
1
1
1
1
1
1
1
1
1
1
1
1
1
1
1
1
1
1
1
1
1
1
1
1
1
1
1
1
1
1
1
1
1
1
1
1
1
1
1
1
1
1
0.999999
0.999997
0.999872
1.00295
1.26279
1.85474
2.58476
4.35698
6.43659
6.6462
6.8768
7.04271
7.21721
1
1
1
1
1
1
1
1
1
1
1
1
1
1
1
1
1
1
1
1
1
1
1
1
1
1
1
1
1
1
1
1
1
1
1
1
1
1
1
1
1
1
1
1
1
1
1
1
1
1
1
1
1
1
1
1
1
1
1
1
1
1
1
1
1
1
1
1
1
0.999996
0.999984
1.00009
1.00457
1.05221
1.28748
2.8097
5.04793
6.42025
7.17835
7.21162
1
1
1
1
1
1
1
1
1
1
1
1
1
1
1
1
1
1
1
1
1
1
1
1
1
1
1
1
1
1
1
1
1
1
1
1
1
1
1
1
1
1
1
1
1
1
1
1
1
1
1
1
1
1
1
1
1
1
1
1
1
1
1
1
1
1
1
1
1
1
1
0.999999
0.999997
0.999922
1.00033
1.14308
2.30295
3.50977
5.05182
6.8067
1
1
1
1
1
1
1
1
1
1
1
1
1
1
1
1
1
1
1
1
1
1
1
1
1
1
1
1
1
1
1
1
1
1
1
1
1
1
1
1
1
1
1
1
1
1
1
1
1
1
1
1
1
1
1
1
1
1
1
1
1
1
1
1
1
1
1
1
1
1
1
1
1
0.999998
0.999991
1.00029
1.03319
1.27651
1.79746
4.29209
1
1
1
1
1
1
1
1
1
1
1
1
1
1
1
1
1
1
1
1
1
1
1
1
1
1
1
1
1
1
1
1
1
1
1
1
1
1
1
1
1
1
1
1
1
1
1
1
1
1
1
1
1
1
1
1
1
1
1
1
1
1
1
1
1
1
1
1
1
1
1
1
1
1
0.999999
0.999998
0.999973
1.00059
1.00751
1.86257
1
1
1
1
1
1
1
1
1
1
1
1
1
1
1
1
1
1
1
1
1
1
1
1
1
1
1
1
1
1
1
1
1
1
1
1
1
1
1
1
1
1
1
1
1
1
1
1
1
1
1
1
1
1
1
1
1
1
1
1
1
1
1
1
1
1
1
1
1
1
1
1
1
1
1
1
0.999998
0.999999
1.00001
1.05746
1
1
1
1
1
1
1
1
1
1
1
1
1
1
1
1
1
1
1
1
1
1
1
1
1
1
1
1
1
1
1
1
1
1
1
1
1
1
1
1
1
1
1
1
1
1
1
1
1
1
1
1
1
1
1
1
1
1
1
1
1
1
1
1
1
1
1
1
1
1
1
1
1
1
1
1
1
1
1
1.00062
1
1
1
1
1
1
1
1
1
1
1
1
1
1
1
1
1
1
1
1
1
1
1
1
1
1
1
1
1
1
1
1
1
1
1
1
1
1
1
1
1
1
1
1
1
1
1
1
1
1
1
1
1
1
1
1
1
1
1
1
1
1
1
1
1
1
1
1
1
1
1
1
1
1
1
1
1
1
1
1
1
1
1
1
1
1
1
1
1
1
1
1
1
1
1
1
1
1
1
1
1
1
1
1
1
1
1
1
1
1
1
1
1
1
1
1
1
1
1
1
1
1
1
1
1
1
1
1
1
1
1
1
1
1
1
1
1
1
1
1
1
1
1
1
1
1
1
1
1
1
1
1
1
1
1
1
1
1
1
1
1
1
1
1
1
1
1
1
1
1
1
1
1
1
1
1
1
1
1
1
1
1
1
1
1
1
1
1
1
1
1
1
1
1
1
1
1
1
1
1
1
1
1
1
1
1
1
1
1
1
1
1
1
1
1
1
1
1
1
1
1
1
1
1
1
1
1
1
1
1
1
1
1
1
1
1
1
1
1
1
1
1
1
1
1
1
1
1
1
1
1
1
1
1
1
1
1
1
1
1
1
1
1
1
1
1
1
1
1
1
1
1
1
1
1
1
1
1
1
1
1
1
1
1
1
1
1
1
1
1
1
1
1
1
1
1
1
1
1
1
1
1
1
1
1
1
1
1
1
1
1
1
1
1
1
1
1
1
1
1
1
1
1
1
1
1
1
1
1
1
1
1
1
1
1
1
1
1
1
1
1
1
1
1
1
1
1
1
1
1
1
1
1
1
1
1
1
1
1
1
1
1
1
1
1
1
1
1
1
1
1
1
1
1
1
1
1
1
1
1
1
1
1
1
1
1
1
1
1
1
1
1
1
1
1
1
1
1
1
1
1
1
1
1
1
1
1
1
1
1
1
1
1
1
1
1
1
1
1
1
1
1
1
1
1
1
1
1
1
1
1
1
1
1
1
1
1
1
1
1
1
1
1
1
1
1
1
1
1
1
1
1
1
1
1
1
1
1
1
1
1
1
1
1
1
1
1
1
1
1
1
1
1
1
1
1
1
1
1
1
1
1
1
1
1
1
1
1
1
1
1
1
1
1
1
1
1
1
1
1
1
1
1
1
1
1
1
1
1
1
1
1
1
1
1
1
1
1
1
1
1
1
1
1
1
1
1
1
1
1
1
1
1
1
1
1
1
1
1
1
1
1
1
1
1
1
1
1
1
1
1
1
1
1
1
1
1
1
1
1
1
1
1
1
1
1
1
1
1
1
1
1
1
1
1
1
1
1
1
1
1
1
1
1
1
1
1
1
1
1
1
1
1
1
1
1
1
1
1
1
1
1
1
1
1
1
1
1
1
1
1
1
1
1
1
1
1
1
1
1
1
1
1
1
1
1
1
1
1
1
1
1
1
1
1
1
1
1
1
1
1
1
1
1
1
1
1
1
1
1
1
1
1
1
1
1
1
1
1
1
1
1
1
1
1
1
1
1
1
1
1
1
1
1
1
1
1
1
1
1
1
1
1
1
1
1
1
1
1
1
1
1
1
1
1
1
1
1
1
1
1
1
1
1
1
1
1
1
1
1
1
1
1
1
1
1
1
1
1
1
1
1
1
1
1
1
1
1
1
1
1
1
1
1
1
1
1
1
1
1
1
1
1
1
1
1
1
1
1
1
1
1
1
1
1
1
1
1
1
1
1
1
1
1
1
1
1
1
1
1
1
1
1
1
1
1
1
1
1
1
1
1
1
1
1
1
1
1
1
1
1
1
1
1
1
1
1
1
1
1
1
1
1
1
1
1
1
1
1
1
1
1
1
1
1
1
1
1
1
1
1
1
1
1
1
1
1
1
1
1
1
1
1
1
1
1
1
1
1
1
1
1
1
1
1
1
1
1
1
1
1
1
1
1
1
1
1
1
1
1
1
1
1
1
1
1
1
1
1
1
1
1
1
1
1
1
1
1
1
1
1
1
1
1
1
1
1
1
1
1
1
1
1
1
1
1
1
1
1
1
1
1
1
1
1
1
1
1
1
1
1
1
1
1
1
1
1
1
1
1
1
1
1
1
1
1
1
1
1
1
1
1
1
1
1
1
1
1
1
1
1
1
1
1
1
1
1
1
1
1
1
1
1
1
1
1
1
1
1
1
1
1
1
1
1
1
1
1
1
1
1
1
1
1
1
1
1
1
1
1
1
1
1
1
1
1
1
1
1
1
1
1
1
1
1
1
1
1
1
1
1
1
1
1
1
1
1
1
1
1
1
1
1
1
1
1
1
1
1
1
1
1
1
1
1
1
1
1
1
1
1
1
1
1
1
1
1
1
1
1
1
1
1
1
1
1
1
1
1
1
1
1
1
1
1
1
1
1
1
1
1
1
1
1
1
1
1
1
1
1
1
1
1
1
1
1
1
1
1
1
1
1
1
1
1
1
1
1
1
1
1
1
1
1
1
1
1
1
1
1
1
1
1
1
1
1
1
1
1
1
1
1
1
1
1
1
1
1
1
1
)
;

boundaryField
{
    inlet
    {
        type            fixedValue;
        value           uniform 1;
    }
    outlet
    {
        type            zeroGradient;
    }
    bottom
    {
        type            symmetryPlane;
    }
    top
    {
        type            symmetryPlane;
    }
    obstacle
    {
        type            zeroGradient;
    }
    defaultFaces
    {
        type            empty;
    }
}


// ************************************************************************* //
