/*--------------------------------*- C++ -*----------------------------------*\
| =========                 |                                                 |
| \\      /  F ield         | OpenFOAM: The Open Source CFD Toolbox           |
|  \\    /   O peration     | Version:  2206                                  |
|   \\  /    A nd           | Website:  www.openfoam.com                      |
|    \\/     M anipulation  |                                                 |
\*---------------------------------------------------------------------------*/
FoamFile
{
    version     2.0;
    format      ascii;
    arch        "LSB;label=32;scalar=64";
    class       volScalarField;
    location    "0.14";
    object      p;
}
// * * * * * * * * * * * * * * * * * * * * * * * * * * * * * * * * * * * * * //

dimensions      [1 -1 -2 0 0 0 0];

internalField   nonuniform List<scalar> 
4800
(
1
1
1
1
1
1
1
1
1
1
1
1
1
1
1
1
1
1
1
1
1
1
1
1
1
1
1
1
1
1
1
1
1
1
1
1
1
1
1
1
1
1
1
1
1
1
1
1
1
1
1
1
1
1
1
1
1
1
1
1
1
1
1
1
1
1
1
1
1
1
1
1
1
1
1
1
1
1
1
1
1
1
1
1
1
1
1
1
1
1
1
1
1
1
1
1
1
1
1
1
1
1
1
1
1
1
1
1
1
1
1
1
1
1
1
1
1
1
1
1
1
1
1
1
1
1
1
1
1
1
1
1
1
1
1
1
1
1
1
1
1
1
1
1
1
1
1
1
1
1
1
1
1
1
1
1
1
1
1
1
1
1
1
1
1
1
1
1
1
1
1
1
1
1
1
1
1
1
1
1
1
1
1
1
1
1
1
1
1
1
1
1
1
1
1
1
1
1
1
1
1
1
1
1
1
1
1
1
1
1
1
1
1
1
1
1
1
1
1
1
1
1
1
1
1
1
1
1
1
1
1
1
1
1
1
1
1
1
1
1
1
1
1
1
1
1
1
1
1
1
1
1
1
1
1
1
1
1
1
1
1
1
1
1
1
1
1
1
1
1
1
1
1
1
1
1
1
1
1
1
1
1
1
1
1
1
1
1
1
1
1
1
1
1
1
1
1
1
1
1
1
1
1
1
1
1
1
1
1
1
1
1
1
1
1
1
1
1
1
1
1
1
1
1
1
1
1
1
1
1
1
1
1
1
1
1
1
1
1
1
1
1
1
1
1
1
1
1
1
1
1
1
1
1
1
1
1
1
1
1
1
1
1
1
1
1
1
1
1
1
1
1
1
1
1
1
1
1
1
1
1
1
1
1
1
1
1
1
1
1
1
1
1
1
1
1
1
1
1
1
1
1
1
1
1
1
1
1
1
1
1
1
1
1
1
1
1
1
1
1
1
1
1
1
1
1
1
1
1
1
1
1
1
1
1
1
1
1
1
1
1
1
1
1
1
1
1
1
1
1
1
1
1
1
1
1
1
1
1
1
1
1
1
1
1
1
1
1
1
1
1
1
1
1
1
1
1
1
1
1
1
1
1
1
1
1
1
1
1
1
1
1
1
1
1
1
1
1
1
1
1
1
1
1
1
1
1
1
1
1
1
1
1
1
1
1
1
1
1
1
1
1
1
1
1
1
1
1
1
1
1
1
1
1
1
1
1
1
1
1
1
1
1
1
1
1
1
1
1
1
1
1
1
1
1
1
1
1
1
1
1
1
1
1
1
1
1
1
1
1
1
1
1
1
1
1
1
1
1
1
1
1
1
1
1
1
1
1
1
1
1
1
1
1
1
1
1
1
1
1
1
1
1
1
1
1
1
1
1
1
1
1
1
1
1
1
1
1
1
1
1
1
1
1
1
1
1
1
1
1
1
1
1
1
1
1
1
1
1
1
1
1
1
1
1
1
1
1
1
1
1
1
1
1
1
1
1
1
1
1
1
1
1
1
1
1
1
1
1
1
1
1
1
1
1
1
1
1
1
1
1
1
1
1
1
1
1
1
1
1
1
1
1
1
1
1
1
1
1
1
1
1
1
1
1
1
1
1
1
1
1
1
1
1
1
1
1
1
1
1
1
1
1
1
1
1
1
1
1
1
1
1
1
1
1
1
1
1
1
1
1
1
1
1
1
1
1
1
1
1
1
1
1
1
1
1
1
1
1
1
1
1
1
1
1
1
1
1
1
1
1
1
1
1
1
1
1
1
1
1
1
1
1
1
1
1
1
1
1
1
1
1
1
1
1
1
1
1
1
1
1
1
1
1
1
1
1
1
1
1
1
1
1
1
1
1
1
1
1
1
1
1
1
1
1
1
1
1
1
1
1
1
1
1
1
1
1
1
1
1
1
1
1
1
1
1
1
1
1
1
1
1
1
1
1
1
1
1
1
1
1
1
1
1
1
1
1
1
1
1
1
1
1
1
1
1
1
1
1
1
1
1
1
1
1
1
1
1
1
1
1
1
1
1
1
1
1
1
1
1
1
1
1
1
1
1
1
1
1
1
1
1
1
1
1
1
1
1
1
1
1
1
1
1
1
1
1
1
1
1
1
1
1
1
1
1
1
1
1
1
1
1
1
1
1
1
1
1
1
1
1
1
1
1
1
1
1
1
1
1
1
1
1
1
1
1
1
1
1
1
1
1
1
1
1
1
1
1
1
1
1
1
1
1
1
1
1
1
1
1
1
1
1
1
1
1
1
1
1
1
1
1
1
1
1
1
1
1
1
1
1
1
1
1
1
1
1
1
1
1
1
1
1
1
1
1
1
1
1
1
1
1
1
1
1
1
1
1
1
1
1
1
1
1
1
1
1
1
1
1
1
1
1
1
1
1
1
1
1
1
1
1
1
1
1
1
1
1
1
1
1
1
1
1
1
1
1
1
1
1
1
1
1
1
1
1
1
1
1
1
1
1
1
1
1
1
1
1
1
1
1
1
1
1
1
1
1
1
1
1
1
1
1
1
1
1
1
1
1
1
1
1
1
1
1
1
1
1
1
1
1
1
1
1
1
1
1
1
1
1
1
1
1
1
1
1
1
1
1
1
1
1
1
1
1
1
1
1
1
1
1
1
1
1
1
1
1
1
1
1
1
1
1
1
1
1
1
1
1
1
1
1
1
1
1
1
1
1
1
1
1
1
1
1
1
1
1
1
1
1
1
1
1
1
1
1
1
1
1
1
1
1
1
1
1
1
1
1
1
1
1
1
1
1
1
1
1
1
1
1
1
1
1
1
1
1
1
1
1
1
1
1
1
1
1
1
1
1
1
1
1
1
1
1
1
1
1
1
1
1
1
1
1
1
1
1
1
1
1
1
1
1
1
1
1
1
1
1
1
1
1
1
1
1
1
1
1
1
1
1
1
1
1
1
1
1
1
1
1
1
1
1
1
1
1
1
1
1
1
1
1
1
1
1
1
1
1
1
1
1
1
1
1
1
1
1
1
1
1
1
1
1
1
1
1
1
1
1
1
1
1
1
1
1
1
1
1
1
1
1
1
1
1
1
1
1
1
1
1
1
1
1
1
1
1
1
1
1
1
1
1
1
1
1
1
1
1
1
1
1
1
1
1
1
1
1
1
1
1
1
1
1
1
1
1
1
1
1
1
1
1
1
1
1
1
1
1
1
1
1
1
1
1
1
1
1
1
1
1
1
1
1
1
1
1
1
1
1
1
1
1
1
1
1
1
1
1
1
1
1
1
1
1
1
1
1
1
1
1
1
1
1
1
1
1
1
1
1
1
1
1
1
1
1
1
1
1
1
1
1
1
1
1
1
1
1
1
1
1
1
1
1
1
1
1
1
1
1
1
1
1
1
1
1
1
1
1
1
1
1
1
1
1
1
1
1
1
1
1
1
1
1
1
1
1
1
1
1
1
1
1
1
1
1
1
1
1
1
1
1
1
1
1
1
1
1
1
1
1
1
1
1
1
1
1
1
1
1
1
1
1
1
1
1
1
1
1
1
1
1
1
1
1
1
1
1
1
1
1
1
1
1
1
1
1
1
1
1
1
1
1
1
1
1
1
1
1
1
1
1
1
1
1
1
1
1
1
1
1
1
1.25469
1.65511
2.14334
2.67963
3.31593
4.12833
4.8341
5.4617
6.40953
7.85469
8.41638
8.72892
9.27364
10.5075
11.438
11.4728
11.4449
11.7154
11.7697
11.4656
10.8813
10.4563
10.0925
9.54509
8.81727
7.862
6.95853
6.71406
6.77073
6.84352
6.76616
6.68882
6.71118
6.7328
6.79969
6.87302
6.94249
7.07289
7.27652
7.41843
7.43182
7.40353
7.34586
7.30156
7.27013
7.25706
7.26964
7.36417
7.52619
7.62053
7.63051
7.59421
7.46526
7.30428
7.24308
7.24119
7.26393
7.35626
7.52161
7.61407
7.63405
7.62496
7.5666
7.46354
7.32945
7.23372
7.21756
7.24666
7.36875
7.57266
7.71689
7.76152
7.75008
7.67521
7.50509
7.2755
7.17752
7.16407
7.18673
7.3799
1
1
0.999999
0.999999
0.998924
0.995828
1.06303
1.11171
1.08595
1.21448
1.66055
2.10176
2.38866
2.87843
3.73347
4.52241
4.87035
5.47557
6.41948
6.75942
7.07781
7.63594
7.79271
7.87075
8.12106
8.02042
7.97677
8.00883
8.06882
8.04449
7.88201
7.6072
7.43718
7.30352
7.25858
7.15652
7.06975
7.06644
7.10276
7.13179
7.16239
7.19673
7.27685
7.33634
7.34808
7.33944
7.31356
7.30942
7.32822
7.39171
7.45529
7.46838
7.44792
7.40902
7.41506
7.42378
7.4145
7.39542
7.38718
7.40341
7.47534
7.52352
7.52161
7.47803
7.4571
7.4341
7.40914
7.41385
7.43468
7.43994
7.45801
7.52993
7.57708
7.56783
7.4909
7.45264
7.42651
7.41522
7.44084
7.50318
1
1
1
1
1
0.999999
0.999991
1
1
0.999998
1
1
1
0.997846
1.0046
1.09687
1.21158
1.38156
1.96827
2.97787
3.79852
4.94004
6.14968
7.49805
8.49906
8.69544
8.82451
8.99138
8.97529
8.88402
8.71093
8.4282
8.14905
7.8656
7.48284
7.30801
7.17853
7.10491
7.05414
7.04612
7.06342
7.11344
7.23679
7.38584
7.42678
7.42041
7.39876
7.33905
7.28861
7.27265
7.26714
7.29893
7.42092
7.50004
7.51679
7.52014
7.50903
7.4723
7.38163
7.32405
7.3214
7.36164
7.46989
7.53323
7.54203
7.5594
7.56473
7.54034
7.47127
7.38345
7.33934
7.32277
7.33982
7.44526
7.567
7.61511
7.63521
7.64458
7.63648
7.57973
1
1
1
1
1
1
1
1
1
1
1
1
1
1
1
1
1
1
0.999999
0.998375
1.0112
1.108
1.51263
2.16957
3.30933
4.8231
5.91303
7.31577
7.69161
7.85521
8.00794
7.81074
7.70288
7.76472
7.93134
8.02309
7.98864
7.82963
7.56619
7.30659
7.20361
7.18059
7.20463
7.26937
7.28259
7.26182
7.24467
7.20666
7.18421
7.17967
7.19158
7.24881
7.37269
7.50893
7.59938
7.61568
7.59449
7.50418
7.33751
7.23913
7.24095
7.27352
7.35317
7.49838
7.61636
7.66456
7.6679
7.63415
7.51253
7.36248
7.283
7.26554
7.27107
7.3338
7.49659
7.66471
7.72464
7.7346
7.71929
7.60107
1
1
1
1
1
1
1
1
1
1
1
1
1
1
1
1
1
1
1
1
1
0.999999
1
0.998544
0.999885
1.21801
1.60469
2.23304
3.4056
4.55913
5.82245
6.62733
7.17486
7.93703
8.25467
8.39162
8.41062
8.35194
8.1883
7.82245
7.34205
7.21981
7.23915
7.27009
7.26735
7.24596
7.21874
7.21541
7.20697
7.19086
7.19054
7.23605
7.32105
7.4028
7.49246
7.55506
7.55118
7.48601
7.3913
7.34563
7.32369
7.31338
7.32164
7.39866
7.54802
7.64361
7.66775
7.64924
7.53156
7.38665
7.31981
7.31523
7.32945
7.3535
7.40257
7.51334
7.65852
7.74152
7.74258
7.59521
1
1
1
1
1
1
1
1
1
1
1
1
1
1
1
1
1
1
1
1
1
1
1
1
0.999999
1
1
0.998204
1.02628
1.12219
1.33482
2.17842
3.32618
4.54286
5.58449
6.31684
7.21462
7.60732
7.67798
7.5572
7.44311
7.42873
7.48625
7.50912
7.47782
7.42395
7.4111
7.43081
7.43309
7.38978
7.29807
7.17369
7.13886
7.15276
7.20548
7.31365
7.42389
7.47849
7.50608
7.51435
7.48902
7.41396
7.39048
7.38883
7.41859
7.46435
7.49707
7.51824
7.5256
7.52091
7.49801
7.47659
7.47699
7.44996
7.43277
7.43791
7.46563
7.50877
7.53218
7.50745
1
1
1
1
1
1
1
1
1
1
1
1
1
1
1
1
1
1
1
1
1
1
1
1
1
1
1
1
1
1
1
0.998275
1.01219
1.11199
1.61153
2.2448
3.14661
4.32566
5.41415
6.79041
7.3132
7.73166
7.85901
7.81104
7.67429
7.57513
7.58135
7.58636
7.55955
7.51672
7.40133
7.22399
7.10436
7.09609
7.11765
7.18382
7.31031
7.46791
7.54554
7.55785
7.56174
7.52055
7.40827
7.33275
7.29507
7.28821
7.30535
7.35731
7.45627
7.55894
7.61932
7.67336
7.68976
7.65222
7.50514
7.39097
7.32897
7.30827
7.31833
7.42009
1
1
1
1
1
1
1
1
1
1
1
1
1
1
1
1
1
1
1
1
1
1
1
1
1
1
1
1
1
1
1
1
1
0.999998
1
0.998314
1.00424
1.20971
1.58373
2.35449
3.60994
4.80278
6.25009
6.63876
6.83922
6.92397
6.99014
7.22519
7.56847
7.62986
7.61235
7.53738
7.39958
7.27663
7.19215
7.18491
7.21343
7.31142
7.41307
7.49336
7.54769
7.5708
7.53537
7.43344
7.33239
7.28535
7.28162
7.288
7.3151
7.45065
7.66036
7.73869
7.74781
7.72487
7.55699
7.30965
7.2526
7.2637
7.30824
7.42804
1
1
1
1
1
1
1
1
1
1
1
1
1
1
1
1
1
1
1
1
1
1
1
1
1
1
1
1
1
1
1
1
1
1
1
1
1
1
1
0.997723
1.0842
1.27895
1.78954
2.85364
4.05076
5.11922
5.73245
6.61004
7.38792
7.51861
7.5471
7.54451
7.53281
7.47259
7.34629
7.22987
7.18123
7.14794
7.14471
7.19207
7.37895
7.51949
7.57453
7.59046
7.56311
7.45615
7.32742
7.28507
7.29367
7.33752
7.4765
7.66684
7.73531
7.71591
7.60498
7.43475
7.33867
7.3267
7.34065
7.4431
1
1
1
1
1
1
1
1
1
1
1
1
1
1
1
1
1
1
1
1
1
1
1
1
1
1
1
1
1
1
1
1
1
1
1
1
1
1
1
1
0.999999
1
0.998572
1.02027
1.09116
1.40182
2.25659
3.27592
4.65224
5.45188
6.12922
6.84897
7.26887
7.32574
7.38255
7.47723
7.41611
7.21109
7.07718
7.09171
7.17402
7.39016
7.54953
7.57225
7.5968
7.62646
7.60137
7.44872
7.30976
7.29179
7.32006
7.41621
7.51051
7.53086
7.50383
7.48866
7.51628
7.55562
7.57944
7.56116
1
1
1
1
1
1
1
1
1
1
1
1
1
1
1
1
1
1
1
1
1
1
1
1
1
1
1
1
1
1
1
1
1
1
1
1
1
1
1
1
1
1
1
1
1
1
0.998243
1.02376
1.26391
2.03064
2.81199
3.90768
5.05808
6.13475
7.02752
7.41503
7.48517
7.43495
7.22428
7.04391
7.09306
7.24445
7.42224
7.50772
7.57539
7.6511
7.67555
7.63064
7.49019
7.38555
7.35864
7.36345
7.35663
7.32104
7.31402
7.36194
7.52491
7.67563
7.77075
7.74528
1
1
1
1
1
1
1
1
1
1
1
1
1
1
1
1
1
1
1
1
1
1
1
1
1
1
1
1
1
1
1
1
1
1
1
1
1
1
1
1
1
1
1
1
1
1
1
0.999999
1
0.998381
1.00544
1.16642
1.77229
2.6286
3.79241
4.91557
6.39187
7.15866
7.12534
7.02996
7.19624
7.25917
7.21868
7.09282
7.12332
7.32791
7.54549
7.55015
7.52889
7.55494
7.59012
7.56534
7.41085
7.25756
7.24834
7.27798
7.40085
7.67613
7.77294
7.72719
1
1
1
1
1
1
1
1
1
1
1
1
1
1
1
1
1
1
1
1
1
1
1
1
1
1
1
1
1
1
1
1
1
1
1
1
1
1
1
1
1
1
1
1
1
1
1
1
1
1
0.999999
1
0.998567
1.00639
1.19694
1.63238
2.43056
3.8011
5.05618
6.22068
7.01477
7.34405
7.31723
7.07543
6.91157
6.98301
7.20482
7.44545
7.54938
7.639
7.72873
7.76649
7.7154
7.44305
7.23598
7.22932
7.34843
7.50524
7.55736
7.56946
1
1
1
1
1
1
1
1
1
1
1
1
1
1
1
1
1
1
1
1
1
1
1
1
1
1
1
1
1
1
1
1
1
1
1
1
1
1
1
1
1
1
1
1
1
1
1
1
1
1
1
1
1
1
1
0.998888
1.00296
1.20869
1.81111
2.59143
3.7174
5.42729
6.99248
7.09666
7.01992
7.15813
7.19894
7.1554
7.13483
7.29317
7.59588
7.71581
7.65739
7.55235
7.47207
7.45835
7.4873
7.4956
7.45407
7.41427
1
1
1
1
1
1
1
1
1
1
1
1
1
1
1
1
1
1
1
1
1
1
1
1
1
1
1
1
1
1
1
1
1
1
1
1
1
1
1
1
1
1
1
1
1
1
1
1
1
1
1
1
1
1
1
1
1
1
0.998402
1.01893
1.18798
1.67782
3.14913
4.70269
5.95226
6.71257
7.162
7.17178
6.94842
6.90956
7.09198
7.38437
7.50202
7.53756
7.58438
7.67476
7.75915
7.7483
7.57092
7.35016
1
1
1
1
1
1
1
1
1
1
1
1
1
1
1
1
1
1
1
1
1
1
1
1
1
1
1
1
1
1
1
1
1
1
1
1
1
1
1
1
1
1
1
1
1
1
1
1
1
1
1
1
1
1
1
1
1
1
1
1
0.999949
0.998404
1.09433
1.64735
2.25776
3.1696
5.01166
6.94609
7.08332
7.02643
7.17551
7.25791
7.22068
7.09009
7.17526
7.49036
7.7393
7.74798
7.65685
7.50927
1
1
1
1
1
1
1
1
1
1
1
1
1
1
1
1
1
1
1
1
1
1
1
1
1
1
1
1
1
1
1
1
1
1
1
1
1
1
1
1
1
1
1
1
1
1
1
1
1
1
1
1
1
1
1
1
1
1
1
1
1
1
1
0.998893
1.00604
1.10067
1.52319
3.22085
4.98276
6.17186
6.9735
7.33038
7.27338
6.9212
6.85197
7.06755
7.44361
7.60683
7.56514
7.55778
1
1
1
1
1
1
1
1
1
1
1
1
1
1
1
1
1
1
1
1
1
1
1
1
1
1
1
1
1
1
1
1
1
1
1
1
1
1
1
1
1
1
1
1
1
1
1
1
1
1
1
1
1
1
1
1
1
1
1
1
1
1
1
1
1
0.999883
0.999161
1.12913
1.92275
2.66978
3.70055
5.73616
7.10959
7.09557
7.10443
7.34251
7.4238
7.36736
7.1661
7.18888
1
1
1
1
1
1
1
1
1
1
1
1
1
1
1
1
1
1
1
1
1
1
1
1
1
1
1
1
1
1
1
1
1
1
1
1
1
1
1
1
1
1
1
1
1
1
1
1
1
1
1
1
1
1
1
1
1
1
1
1
1
1
1
1
1
1
1
0.999763
1.00259
1.03829
1.19942
1.85736
3.94793
5.76983
6.81465
7.40451
7.48505
7.43909
7.16727
7.06141
1
1
1
1
1
1
1
1
1
1
1
1
1
1
1
1
1
1
1
1
1
1
1
1
1
1
1
1
1
1
1
1
1
1
1
1
1
1
1
1
1
1
1
1
1
1
1
1
1
1
1
1
1
1
1
1
1
1
1
1
1
1
1
1
1
1
1
1
1
0.999998
0.999639
1.00653
1.43456
2.99274
4.11763
5.45899
7.07155
7.42019
7.43487
7.4375
1
1
1
1
1
1
1
1
1
1
1
1
1
1
1
1
1
1
1
1
1
1
1
1
1
1
1
1
1
1
1
1
1
1
1
1
1
1
1
1
1
1
1
1
1
1
1
1
1
1
1
1
1
1
1
1
1
1
1
1
1
1
1
1
1
1
1
1
1
1
0.999997
0.999952
1.00164
1.08644
1.47288
2.06047
3.76472
5.39784
6.68034
7.42986
1
1
1
1
1
1
1
1
1
1
1
1
1
1
1
1
1
1
1
1
1
1
1
1
1
1
1
1
1
1
1
1
1
1
1
1
1
1
1
1
1
1
1
1
1
1
1
1
1
1
1
1
1
1
1
1
1
1
1
1
1
1
1
1
1
1
1
1
1
1
1
0.999999
0.999991
0.999995
1.0011
1.0096
1.21456
2.66746
4.59025
6.33545
1
1
1
1
1
1
1
1
1
1
1
1
1
1
1
1
1
1
1
1
1
1
1
1
1
1
1
1
1
1
1
1
1
1
1
1
1
1
1
1
1
1
1
1
1
1
1
1
1
1
1
1
1
1
1
1
1
1
1
1
1
1
1
1
1
1
1
1
1
1
1
1
1
1
0.999999
0.99998
1.00026
1.10261
1.71269
4.02216
1
1
1
1
1
1
1
1
1
1
1
1
1
1
1
1
1
1
1
1
1
1
1
1
1
1
1
1
1
1
1
1
1
1
1
1
1
1
1
1
1
1
1
1
1
1
1
1
1
1
1
1
1
1
1
1
1
1
1
1
1
1
1
1
1
1
1
1
1
1
1
1
1
1
1
0.999999
0.999994
1.00009
1.00797
1.60523
1
1
1
1
1
1
1
1
1
1
1
1
1
1
1
1
1
1
1
1
1
1
1
1
1
1
1
1
1
1
1
1
1
1
1
1
1
1
1
1
1
1
1
1
1
1
1
1
1
1
1
1
1
1
1
1
1
1
1
1
1
1
1
1
1
1
1
1
1
1
1
1
1
1
1
1
1
0.999999
1
1.01571
1
1
1
1
1
1
1
1
1
1
1
1
1
1
1
1
1
1
1
1
1
1
1
1
1
1
1
1
1
1
1
1
1
1
1
1
1
1
1
1
1
1
1
1
1
1
1
1
1
1
1
1
1
1
1
1
1
1
1
1
1
1
1
1
1
1
1
1
1
1
1
1
1
1
1
1
1
1
1
1.00006
1
1
1
1
1
1
1
1
1
1
1
1
1
1
1
1
1
1
1
1
1
1
1
1
1
1
1
1
1
1
1
1
1
1
1
1
1
1
1
1
1
1
1
1
1
1
1
1
1
1
1
1
1
1
1
1
1
1
1
1
1
1
1
1
1
1
1
1
1
1
1
1
1
1
1
1
1
1
1
1
1
1
1
1
1
1
1
1
1
1
1
1
1
1
1
1
1
1
1
1
1
1
1
1
1
1
1
1
1
1
1
1
1
1
1
1
1
1
1
1
1
1
1
1
1
1
1
1
1
1
1
1
1
1
1
1
1
1
1
1
1
1
1
1
1
1
1
1
1
1
1
1
1
1
1
1
1
1
1
1
1
1
1
1
1
1
1
1
1
1
1
1
1
1
1
1
1
1
1
1
1
1
1
1
1
1
1
1
1
1
1
1
1
1
1
1
1
1
1
1
1
1
1
1
1
1
1
1
1
1
1
1
1
1
1
1
1
1
1
1
1
1
1
1
1
1
1
1
1
1
1
1
1
1
1
1
1
1
1
1
1
1
1
1
1
1
1
1
1
1
1
1
1
1
1
1
1
1
1
1
1
1
1
1
1
1
1
1
1
1
1
1
1
1
1
1
1
1
1
1
1
1
1
1
1
1
1
1
1
1
1
1
1
1
1
1
1
1
1
1
1
1
1
1
1
1
1
1
1
1
1
1
1
1
1
1
1
1
1
1
1
1
1
1
1
1
1
1
1
1
1
1
1
1
1
1
1
1
1
1
1
1
1
1
1
1
1
1
1
1
1
1
1
1
1
1
1
1
1
1
1
1
1
1
1
1
1
1
1
1
1
1
1
1
1
1
1
1
1
1
1
1
1
1
1
1
1
1
1
1
1
1
1
1
1
1
1
1
1
1
1
1
1
1
1
1
1
1
1
1
1
1
1
1
1
1
1
1
1
1
1
1
1
1
1
1
1
1
1
1
1
1
1
1
1
1
1
1
1
1
1
1
1
1
1
1
1
1
1
1
1
1
1
1
1
1
1
1
1
1
1
1
1
1
1
1
1
1
1
1
1
1
1
1
1
1
1
1
1
1
1
1
1
1
1
1
1
1
1
1
1
1
1
1
1
1
1
1
1
1
1
1
1
1
1
1
1
1
1
1
1
1
1
1
1
1
1
1
1
1
1
1
1
1
1
1
1
1
1
1
1
1
1
1
1
1
1
1
1
1
1
1
1
1
1
1
1
1
1
1
1
1
1
1
1
1
1
1
1
1
1
1
1
1
1
1
1
1
1
1
1
1
1
1
1
1
1
1
1
1
1
1
1
1
1
1
1
1
1
1
1
1
1
1
1
1
1
1
1
1
1
1
1
1
1
1
1
1
1
1
1
1
1
1
1
1
1
1
1
1
1
1
1
1
1
1
1
1
1
1
1
1
1
1
1
1
1
1
1
1
1
1
1
1
1
1
1
1
1
1
1
1
1
1
1
1
1
1
1
1
1
1
1
1
1
1
1
1
1
1
1
1
1
1
1
1
1
1
1
1
1
1
1
1
1
1
1
1
1
1
1
1
1
1
1
1
1
1
1
1
1
1
1
1
1
1
1
1
1
1
1
1
1
1
1
1
1
1
1
1
1
1
1
1
1
1
1
1
1
1
1
1
1
1
1
1
1
1
1
1
1
1
1
1
1
1
1
1
1
1
1
1
1
1
1
1
1
1
1
1
1
1
1
1
1
1
1
1
1
1
1
1
1
1
1
1
1
1
1
1
1
1
1
1
1
1
1
1
1
1
1
1
1
1
1
1
1
1
1
1
1
1
1
1
1
1
1
1
1
1
1
1
1
1
1
1
1
1
1
1
1
1
1
1
1
1
1
1
1
1
1
1
1
1
1
1
1
1
1
1
1
1
1
1
1
1
1
1
1
1
1
1
1
1
1
1
1
1
1
1
1
1
1
1
1
1
1
1
1
1
1
1
1
1
1
1
1
1
1
1
1
1
1
1
1
1
1
1
1
1
1
1
1
1
1
1
1
1
1
1
1
1
1
1
1
1
1
1
1
1
1
1
1
1
1
1
1
1
1
1
1
1
1
1
1
1
1
1
1
1
1
1
1
1
1
1
1
1
1
1
1
1
1
1
1
1
1
1
1
1
1
1
1
1
1
1
1
1
1
1
1
1
1
1
1
1
1
1
1
1
1
1
1
1
1
1
1
1
1
1
1
1
1
1
1
1
1
1
1
1
1
1
1
1
1
1
1
1
1
1
1
1
1
1
1
1
1
1
1
1
1
1
1
1
1
1
1
1
1
1
1
1
1
1
1
1
1
1
1
1
1
1
1
1
1
1
1
1
1
1
1
1
1
1
1
1
1
1
1
1
1
1
1
1
1
1
1
1
1
1
1
1
1
1
1
1
1
1
1
1
1
1
1
1
1
1
1
1
1
1
1
1
1
1
1
1
1
1
1
1
1
1
1
1
1
1
1
1
1
1
1
1
1
1
1
1
1
1
1
1
1
1
1
1
1
1
1
1
1
1
)
;

boundaryField
{
    inlet
    {
        type            fixedValue;
        value           uniform 1;
    }
    outlet
    {
        type            zeroGradient;
    }
    bottom
    {
        type            symmetryPlane;
    }
    top
    {
        type            symmetryPlane;
    }
    obstacle
    {
        type            zeroGradient;
    }
    defaultFaces
    {
        type            empty;
    }
}


// ************************************************************************* //
