/*--------------------------------*- C++ -*----------------------------------*\
| =========                 |                                                 |
| \\      /  F ield         | OpenFOAM: The Open Source CFD Toolbox           |
|  \\    /   O peration     | Version:  2206                                  |
|   \\  /    A nd           | Website:  www.openfoam.com                      |
|    \\/     M anipulation  |                                                 |
\*---------------------------------------------------------------------------*/
FoamFile
{
    version     2.0;
    format      ascii;
    arch        "LSB;label=32;scalar=64";
    class       volScalarField;
    location    "0.1";
    object      T;
}
// * * * * * * * * * * * * * * * * * * * * * * * * * * * * * * * * * * * * * //

dimensions      [0 0 0 1 0 0 0];

internalField   nonuniform List<scalar> 
4800
(
1
1
1
1
1
1
1
1
1
1
1
1
1
1
1
1
1
1
1
1
1
1
1
1
1
1
1
1
1
1
1
1
1
1
1
1
1
1
1
1
1
1
1
1
1
1
1
1
1
1
1
1
1
1
1
1
1
1
1
1
1
1
1
1
1
1
1
1
1
1
1
1
1
1
1
1
1
1
1
1
1
1
1
1
1
1
1
1
1
1
1
1
1
1
1
1
1
1
1
1
1
1
1
1
1
1
1
1
1
1
1
1
1
1
1
1
1
1
1
1
1
1
1
1
1
1
1
1
1
1
1
1
1
1
1
1
1
1
1
1
1
1
1
1
1
1
1
1
1
1
1
1
1
1
1
1
1
1
1
1
1
1
1
1
1
1
1
1
1
1
1
1
1
1
1
1
1
1
1
1
1
1
1
1
1
1
1
1
1
1
1
1
1
1
1
1
1
1
1
1
1
1
1
1
1
1
1
1
1
1
1
1
1
1
1
1
1
1
1
1
1
1
1
1
1
1
1
1
1
1
1
1
1
1
1
1
1
1
1
1
1
1
1
1
1
1
1
1
1
1
1
1
1
1
1
1
1
1
1
1
1
1
1
1
1
1
1
1
1
1
1
1
1
1
1
1
1
1
1
1
1
1
1
1
1
1
1
1
1
1
1
1
1
1
1
1
1
1
1
1
1
1
1
1
1
1
1
1
1
1
1
1
1
1
1
1
1
1
1
1
1
1
1
1
1
1
1
1
1
1
1
1
1
1
1
1
1
1
1
1
1
1
1
1
1
1
1
1
1
1
1
1
1
1
1
1
1
1
1
1
1
1
1
1
1
1
1
1
1
1
1
1
1
1
1
1
1
1
1
1
1
1
1
1
1
1
1
1
1
1
1
1
1
1
1
1
1
1
1
1
1
1
1
1
1
1
1
1
1
1
1
1
1
1
1
1
1
1
1
1
1
1
1
1
1
1
1
1
1
1
1
1
1
1
1
1
1
1
1
1
1
1
1
1
1
1
1
1
1
1
1
1
1
1
1
1
1
1
1
1
1
1
1
1
1
1
1
1
1
1
1
1
1
1
1
1
1
1
1
1
1
1
1
1
1
1
1
1
1
1
1
1
1
1
1
1
1
1
1
1
1
1
1
1
1
1
1
1
1
1
1
1
1
1
1
1
1
1
1
1
1
1
1
1
1
1
1
1
1
1
1
1
1
1
1
1
1
1
1
1
1
1
1
1
1
1
1
1
1
1
1
1
1
1
1
1
1
1
1
1
1
1
1
1
1
1
1
1
1
1
1
1
1
1
1
1
1
1
1
1
1
1
1
1
1
1
1
1
1
1
1
1
1
1
1
1
1
1
1
1
1
1
1
1
1
1
1
1
1
1
1
1
1
1
1
1
1
1
1
1
1
1
1
1
1
1
1
1
1
1
1
1
1
1
1
1
1
1
1
1
1
1
1
1
1
1
1
1
1
1
1
1
1
1
1
1
1
1
1
1
1
1
1
1
1
1
1
1
1
1
1
1
1
1
1
1
1
1
1
1
1
1
1
1
1
1
1
1
1
1
1
1
1
1
1
1
1
1
1
1
1
1
1
1
1
1
1
1
1
1
1
1
1
1
1
1
1
1
1
1
1
1
1
1
1
1
1
1
1
1
1
1
1
1
1
1
1
1
1
1
1
1
1
1
1
1
1
1
1
1
1
1
1
1
1
1
1
1
1
1
1
1
1
1
1
1
1
1
1
1
1
1
1
1
1
1
1
1
1
1
1
1
1
1
1
1
1
1
1
1
1
1
1
1
1
1
1
1
1
1
1
1
1
1
1
1
1
1
1
1
1
1
1
1
1
1
1
1
1
1
1
1
1
1
1
1
1
1
1
1
1
1
1
1
1
1
1
1
1
1
1
1
1
1
1
1
1
1
1
1
1
1
1
1
1
1
1
1
1
1
1
1
1
1
1
1
1
1
1
1
1
1
1
1
1
1
1
1
1
1
1
1
1
1
1
1
1
1
1
1
1
1
1
1
1
1
1
1
1
1
1
1
1
1
1
1
1
1
1
1
1
1
1
1
1
1
1
1
1
1
1
1
1
1
1
1
1
1
1
1
1
1
1
1
1
1
1
1
1
1
1
1
1
1
1
1
1
1
1
1
1
1
1
1
1
1
1
1
1
1
1
1
1
1
1
1
1
1
1
1
1
1
1
1
1
1
1
1
1
1
1
1
1
1
1
1
1
1
1
1
1
1
1
1
1
1
1
1
1
1
1
1
1
1
1
1
1
1
1
1
1
1
1
1
1
1
1
1
1
1
1
1
1
1
1
1
1
1
1
1
1
1
1
1
1
1
1
1
1
1
1
1
1
1
1
1
1
1
1
1
1
1
1
1
1
1
1
1
1
1
1
1
1
1
1
1
1
1
1
1
1
1
1
1
1
1
1
1
1
1
1
1
1
1
1
1
1
1
1
1
1
1
1
1
1
1
1
1
1
1
1
1
1
1
1
1
1
1
1
1
1
1
1
1
1
1
1
1
1
1
1
1
1
1
1
1
1
1
1
1
1
1
1
1
1
1
1
1
1
1
1
1
1
1
1
1
1
1
1
1
1
1
1
1
1
1
1
1
1
1
1
1
1
1
1
1
1
1
1
1
1
1
1
1
1
1
1
1
1
1
1
1
1
1
1
1
1
1
1
1
1
1
1
1
1
1
1
1
1
1
1
1
1
1
1
1
1
1
1
1
1
1
1
1
1
1
1
1
1
1
1
1
1
1
1
1
1
1
1
1
1
1
1
1
1
1
1
1
1
1
1
1
1
1
1
1
1
1
1
1
1
1
1
1
1
1
1
1
1
1
1
1
1
1
1
1
1
1
1
1
1
1
1
1
1
1
1
1
1
1
1
1
1
1
1
1
1
1
1
1
1
1
1
1
1
1
1
1
1
1
1
1
1
1
1
1
1
1
1
1
1
1
1
1
1
1
1
1
1
1
1
1
1
1
1
1
1
1
1
1
1
1
1
1
1
1
1
1
1
1
1
1
1
1
1
1
1
1
1
1
1
1
1
1
1
1
1
1
1
1
1
1
1
1
1
1
1
1
1
1
1
1
1
1
1
1
1
1
1
1
1
1
1
1
1
1
1
1
1
1
1
1
1
1
1
1
1
1
1
1
1
1
1
1
1
1
1
1
1
1
1
1
1
1
1
1
1
1
1
1
1
1
1
1
1
1
1
1
1
1
1
1
1
1
1
1
1
1
1
1
1
1
1
1
1
1
1
1
1
1
1
1
1
1
1
1
1
1
1
1
1
1
1
1
1
1
1
1
1
1
1
1
1
1
1
1
1
1
1
1
1
1
1
1
1
1
1
1
1
1
1
1
1
1
1
1
1
1
1
1
1
1
1
1
1
1
1
1
1
1
1
1
1
1
1
1
1
1
1
1
1
1
1
1
1
1
1
1
1
1
1
1
1
1
1
1
1
1
1
1
1
1
1
1
1
1
1
1
1
1
1
1
1
1
1
1
1
1
1
1
1
1
1
1
1
1
1
1
1
1
1
1
1
1
1
1
1
1
1
1
1
1
1
1
1
1
1
1
1
1
1
1
1
1
1
1
1
1
1
1
1.06957
1.1585
1.25286
1.34264
1.45503
1.56467
1.64866
1.71901
1.83011
1.97426
2.05444
2.1002
2.16006
2.26153
2.35691
2.37209
2.37587
2.39404
2.39928
2.3873
2.35604
2.3275
2.30021
2.26185
2.21128
2.13999
2.07005
2.05978
2.06541
2.06771
2.05853
2.05988
2.06404
2.07019
2.07992
2.08795
2.0957
2.10874
2.12472
2.13224
2.13259
2.12983
2.12628
2.12579
2.12506
2.12473
2.12558
2.1323
2.14619
2.15669
2.15846
2.15661
2.14667
2.13055
2.12444
2.12476
2.12892
2.13921
2.15233
2.15847
2.15962
2.15849
2.15358
2.14739
2.13926
2.1324
2.12999
2.13102
2.13804
2.15258
2.16542
2.17204
2.17247
2.16884
2.15849
2.14035
2.12763
2.12379
2.12414
2.13747
1
1
1
1
0.999583
0.999015
1.03488
1.05113
1.04353
1.11977
1.30081
1.40968
1.46575
1.57519
1.72398
1.81099
1.8274
1.8721
1.95364
1.99344
2.03095
2.07441
2.08517
2.11519
2.15132
2.16323
2.17863
2.19966
2.20348
2.19885
2.17961
2.15979
2.14726
2.13851
2.13561
2.12523
2.12113
2.12309
2.12513
2.12463
2.12482
2.12688
2.13466
2.14198
2.14479
2.14429
2.14055
2.1387
2.13955
2.14603
2.15397
2.15583
2.15393
2.14875
2.14834
2.14942
2.14988
2.14956
2.14877
2.14937
2.15354
2.15701
2.15786
2.1564
2.15552
2.1543
2.15186
2.15014
2.15064
2.15169
2.15281
2.15818
2.1639
2.16472
2.15998
2.15426
2.15244
2.15089
2.15163
2.158
1
1
1
1
1
0.999999
0.999998
1
1
1
1
1
1
0.999068
1.00549
1.05487
1.10269
1.18136
1.40234
1.62869
1.75932
1.91515
2.05124
2.20094
2.27861
2.29302
2.31314
2.32568
2.32161
2.30968
2.28763
2.25988
2.23873
2.20744
2.18712
2.17345
2.16079
2.15451
2.14929
2.14784
2.14918
2.15431
2.16867
2.18095
2.18178
2.17968
2.1752
2.16851
2.16482
2.16443
2.1645
2.16776
2.17626
2.18073
2.18094
2.18098
2.18004
2.177
2.17042
2.16367
2.16165
2.16278
2.17132
2.18057
2.18259
2.18279
2.18177
2.17854
2.17206
2.16481
2.16069
2.15791
2.1577
2.16456
2.17724
2.18407
2.18517
2.18557
2.18473
2.17973
1
1
1
1
1
1
1
1
1
1
1
1
1
1
1
1
1
1
1
0.999017
1.00791
1.07986
1.27425
1.51787
1.80169
2.01494
2.13014
2.26366
2.27032
2.26847
2.26394
2.24312
2.23908
2.25642
2.278
2.28237
2.27441
2.25429
2.2288
2.21305
2.20643
2.20563
2.20873
2.2121
2.21109
2.20498
2.19911
2.19413
2.19189
2.1915
2.19308
2.19806
2.20599
2.21403
2.22016
2.22184
2.22006
2.21287
2.19775
2.18438
2.18241
2.18375
2.18904
2.20109
2.21266
2.21611
2.21558
2.21071
2.20065
2.18723
2.17559
2.1715
2.1717
2.17583
2.18866
2.2062
2.21331
2.21356
2.21013
2.19655
1
1
1
1
1
1
1
1
1
1
1
1
1
1
1
1
1
1
1
1
1
1
1
0.99911
1.00769
1.15113
1.31716
1.53739
1.80942
1.98013
2.10222
2.18683
2.24656
2.33556
2.35477
2.35394
2.34699
2.33296
2.31189
2.28442
2.25409
2.24432
2.24059
2.23777
2.23582
2.23406
2.23068
2.22758
2.22381
2.22136
2.2222
2.22752
2.23263
2.23613
2.24148
2.24692
2.24653
2.23961
2.22774
2.22062
2.2186
2.21732
2.21679
2.21958
2.22851
2.23676
2.23931
2.23842
2.22945
2.21429
2.20366
2.19925
2.19888
2.19949
2.20121
2.20823
2.22097
2.22936
2.22973
2.21503
1
1
1
1
1
1
1
1
1
1
1
1
1
1
1
1
1
1
1
1
1
1
1
1
0.999999
1
1
0.999042
1.01983
1.07153
1.19434
1.53284
1.79998
1.97654
2.09375
2.16769
2.24337
2.27459
2.2844
2.27574
2.27381
2.27073
2.26594
2.26209
2.26103
2.26299
2.26685
2.26732
2.26328
2.25395
2.24415
2.23637
2.23383
2.23423
2.23645
2.24233
2.25163
2.25481
2.25583
2.25643
2.25522
2.24823
2.24378
2.24184
2.24062
2.24044
2.24194
2.24534
2.24691
2.24655
2.2437
2.23863
2.23371
2.22773
2.22433
2.22322
2.22299
2.22457
2.22917
2.22911
1
1
1
1
1
1
1
1
1
1
1
1
1
1
1
1
1
1
1
1
1
1
1
1
1
1
1
1
1
1
1
0.999005
1.01208
1.07874
1.3147
1.52176
1.72205
1.90462
2.05288
2.22407
2.26858
2.28811
2.2844
2.27886
2.27463
2.27788
2.28252
2.28097
2.27508
2.26466
2.25308
2.24415
2.23735
2.23503
2.23484
2.23683
2.24484
2.25921
2.26665
2.26745
2.26774
2.26691
2.25919
2.24957
2.24249
2.23877
2.23846
2.23997
2.24859
2.26114
2.26669
2.27032
2.27088
2.26617
2.24922
2.23629
2.22929
2.22631
2.22599
2.23435
1
1
1
1
1
1
1
1
1
1
1
1
1
1
1
1
1
1
1
1
1
1
1
1
1
1
1
1
1
1
1
1
0.999999
1
1
0.999069
1.00683
1.13047
1.30321
1.5543
1.81255
1.98918
2.13276
2.1659
2.18223
2.19955
2.21396
2.23605
2.26157
2.26621
2.26677
2.26522
2.25654
2.24357
2.23405
2.23266
2.23682
2.24654
2.25585
2.26129
2.26503
2.26775
2.26804
2.26195
2.25107
2.24189
2.23879
2.23883
2.24047
2.25301
2.27474
2.28183
2.28236
2.28049
2.26851
2.24353
2.23172
2.23085
2.23249
2.24308
1
1
1
1
1
1
1
1
1
1
1
1
1
1
1
1
1
1
1
1
1
1
1
1
1
1
1
1
1
1
1
1
1
1
1
1
1
1
0.999819
0.998865
1.05738
1.16301
1.37629
1.64968
1.85032
1.97351
2.05576
2.14973
2.21681
2.24005
2.24889
2.25059
2.24927
2.2427
2.23057
2.22598
2.22633
2.22656
2.22464
2.22731
2.23942
2.2529
2.26025
2.26363
2.26342
2.25745
2.24295
2.23418
2.23563
2.24197
2.2565
2.27418
2.28017
2.27943
2.2742
2.26433
2.24749
2.23865
2.23859
2.24751
1
1
1
1
1
1
1
1
1
1
1
1
1
1
1
1
1
1
1
1
1
1
1
1
1
1
1
1
1
1
1
1
1
1
1
1
1
1
1
1
1
1
0.999228
1.01619
1.06019
1.21726
1.51441
1.73069
1.91865
2.00659
2.079
2.15561
2.20131
2.21032
2.21719
2.23085
2.22892
2.21382
2.19928
2.19906
2.20628
2.22252
2.24098
2.24639
2.24983
2.25474
2.25567
2.24599
2.23205
2.23086
2.2346
2.24385
2.25293
2.2588
2.26045
2.25842
2.26011
2.2614
2.26062
2.25551
1
1
1
1
1
1
1
1
1
1
1
1
1
1
1
1
1
1
1
1
1
1
1
1
1
1
1
1
1
1
1
1
1
1
1
1
1
1
1
1
1
1
1
1
1
0.999691
1.00203
1.02392
1.16137
1.43939
1.60883
1.78627
1.94221
2.07091
2.17149
2.20399
2.20422
2.20105
2.19119
2.17735
2.18124
2.1974
2.21087
2.22043
2.22983
2.24081
2.24646
2.24842
2.24231
2.23164
2.2236
2.22057
2.21934
2.21936
2.22391
2.23774
2.25395
2.26549
2.27271
2.27053
1
1
1
1
1
1
1
1
1
1
1
1
1
1
1
1
1
1
1
1
1
1
1
1
1
1
1
1
1
1
1
1
1
1
1
1
1
1
1
1
1
1
1
1
1
1
1
1
1
0.999252
1.00566
1.09791
1.36375
1.5842
1.77694
1.91983
2.08128
2.16413
2.16739
2.16444
2.1843
2.182
2.17497
2.16758
2.1727
2.19743
2.22293
2.22708
2.22583
2.22587
2.22615
2.2165
2.19899
2.19775
2.20538
2.21625
2.23591
2.25731
2.26471
2.26197
1
1
1
1
1
1
1
1
1
1
1
1
1
1
1
1
1
1
1
1
1
1
1
1
1
1
1
1
1
1
1
1
1
1
1
1
1
1
1
1
1
1
1
1
1
1
1
1
1
1
1
1
0.999197
1.00817
1.11414
1.29137
1.51635
1.78281
1.95674
2.08915
2.14466
2.15625
2.15474
2.14327
2.13536
2.14184
2.1594
2.19166
2.21208
2.21668
2.21878
2.22029
2.21658
2.20301
2.19563
2.19659
2.20631
2.22235
2.23741
2.24297
1
1
1
1
1
1
1
1
1
1
1
1
1
1
1
1
1
1
1
1
1
1
1
1
1
1
1
1
1
1
1
1
1
1
1
1
1
1
1
1
1
1
1
1
1
1
1
1
1
1
1
1
1
1
1
0.999376
1.00434
1.13738
1.40356
1.59032
1.76061
1.97196
2.124
2.15446
2.14845
2.13036
2.1199
2.13365
2.17798
2.20094
2.20636
2.21051
2.21339
2.21158
2.20201
2.19407
2.19272
2.19607
2.20443
2.21058
1
1
1
1
1
1
1
1
1
1
1
1
1
1
1
1
1
1
1
1
1
1
1
1
1
1
1
1
1
1
1
1
1
1
1
1
1
1
1
1
1
1
1
1
1
1
1
1
1
1
1
1
1
1
1
1
1
1
0.999698
1.02005
1.11638
1.31238
1.66421
1.9383
2.10474
2.1052
2.09447
2.11083
2.13588
2.14583
2.15326
2.17273
2.19556
2.19857
2.1925
2.18916
2.19211
2.19652
2.19623
2.19231
1
1
1
1
1
1
1
1
1
1
1
1
1
1
1
1
1
1
1
1
1
1
1
1
1
1
1
1
1
1
1
1
1
1
1
1
1
1
1
1
1
1
1
1
1
1
1
1
1
1
1
1
1
1
1
1
1
1
1
1
0.999863
0.999502
1.06636
1.25565
1.52185
1.74189
1.96375
2.09013
2.13829
2.13411
2.11908
2.12193
2.1456
2.17154
2.17845
2.1813
2.18663
2.19704
2.20667
2.19958
1
1
1
1
1
1
1
1
1
1
1
1
1
1
1
1
1
1
1
1
1
1
1
1
1
1
1
1
1
1
1
1
1
1
1
1
1
1
1
1
1
1
1
1
1
1
1
1
1
1
1
1
1
1
1
1
1
1
1
1
1
1
1
0.999395
1.00878
1.11304
1.33729
1.63604
1.92709
2.13129
2.13465
2.12001
2.1272
2.1389
2.14603
2.14582
2.15851
2.18866
2.19955
2.1933
1
1
1
1
1
1
1
1
1
1
1
1
1
1
1
1
1
1
1
1
1
1
1
1
1
1
1
1
1
1
1
1
1
1
1
1
1
1
1
1
1
1
1
1
1
1
1
1
1
1
1
1
1
1
1
1
1
1
1
1
1
1
1
1
1
0.999756
1.00075
1.05108
1.2325
1.64809
1.90219
2.04222
2.10588
2.1385
2.13947
2.12733
2.12861
2.15003
2.17037
2.17488
1
1
1
1
1
1
1
1
1
1
1
1
1
1
1
1
1
1
1
1
1
1
1
1
1
1
1
1
1
1
1
1
1
1
1
1
1
1
1
1
1
1
1
1
1
1
1
1
1
1
1
1
1
1
1
1
1
1
1
1
1
1
1
1
1
1
1
0.999956
0.999852
1.04149
1.29861
1.51605
1.72935
2.01399
2.15228
2.15724
2.16296
2.16467
2.1528
2.14959
1
1
1
1
1
1
1
1
1
1
1
1
1
1
1
1
1
1
1
1
1
1
1
1
1
1
1
1
1
1
1
1
1
1
1
1
1
1
1
1
1
1
1
1
1
1
1
1
1
1
1
1
1
1
1
1
1
1
1
1
1
1
1
1
1
1
1
1
0.999999
0.999945
1.00061
1.01857
1.12712
1.40199
1.84763
2.06839
2.15439
2.16806
2.16398
2.15998
1
1
1
1
1
1
1
1
1
1
1
1
1
1
1
1
1
1
1
1
1
1
1
1
1
1
1
1
1
1
1
1
1
1
1
1
1
1
1
1
1
1
1
1
1
1
1
1
1
1
1
1
1
1
1
1
1
1
1
1
1
1
1
1
1
1
1
1
1
1
0.999999
1
0.99989
1.00862
1.25857
1.67026
1.84878
1.99361
2.11486
2.16829
1
1
1
1
1
1
1
1
1
1
1
1
1
1
1
1
1
1
1
1
1
1
1
1
1
1
1
1
1
1
1
1
1
1
1
1
1
1
1
1
1
1
1
1
1
1
1
1
1
1
1
1
1
1
1
1
1
1
1
1
1
1
1
1
1
1
1
1
1
1
1
1
0.999999
0.999964
1.00205
1.05593
1.26985
1.50088
1.78188
2.07899
1
1
1
1
1
1
1
1
1
1
1
1
1
1
1
1
1
1
1
1
1
1
1
1
1
1
1
1
1
1
1
1
1
1
1
1
1
1
1
1
1
1
1
1
1
1
1
1
1
1
1
1
1
1
1
1
1
1
1
1
1
1
1
1
1
1
1
1
1
1
1
1
1
0.999998
0.999999
0.999951
1.00154
1.02064
1.18371
1.88545
1
1
1
1
1
1
1
1
1
1
1
1
1
1
1
1
1
1
1
1
1
1
1
1
1
1
1
1
1
1
1
1
1
1
1
1
1
1
1
1
1
1
1
1
1
1
1
1
1
1
1
1
1
1
1
1
1
1
1
1
1
1
1
1
1
1
1
1
1
1
1
1
1
1
1
0.999997
0.999998
0.999966
1.00167
1.36753
1
1
1
1
1
1
1
1
1
1
1
1
1
1
1
1
1
1
1
1
1
1
1
1
1
1
1
1
1
1
1
1
1
1
1
1
1
1
1
1
1
1
1
1
1
1
1
1
1
1
1
1
1
1
1
1
1
1
1
1
1
1
1
1
1
1
1
1
1
1
1
1
1
1
1
1
1
0.999999
1
1.02117
1
1
1
1
1
1
1
1
1
1
1
1
1
1
1
1
1
1
1
1
1
1
1
1
1
1
1
1
1
1
1
1
1
1
1
1
1
1
1
1
1
1
1
1
1
1
1
1
1
1
1
1
1
1
1
1
1
1
1
1
1
1
1
1
1
1
1
1
1
1
1
1
1
1
1
1
1
1
1
1.00009
1
1
1
1
1
1
1
1
1
1
1
1
1
1
1
1
1
1
1
1
1
1
1
1
1
1
1
1
1
1
1
1
1
1
1
1
1
1
1
1
1
1
1
1
1
1
1
1
1
1
1
1
1
1
1
1
1
1
1
1
1
1
1
1
1
1
1
1
1
1
1
1
1
1
1
1
1
1
1
1
1
1
1
1
1
1
1
1
1
1
1
1
1
1
1
1
1
1
1
1
1
1
1
1
1
1
1
1
1
1
1
1
1
1
1
1
1
1
1
1
1
1
1
1
1
1
1
1
1
1
1
1
1
1
1
1
1
1
1
1
1
1
1
1
1
1
1
1
1
1
1
1
1
1
1
1
1
1
1
1
1
1
1
1
1
1
1
1
1
1
1
1
1
1
1
1
1
1
1
1
1
1
1
1
1
1
1
1
1
1
1
1
1
1
1
1
1
1
1
1
1
1
1
1
1
1
1
1
1
1
1
1
1
1
1
1
1
1
1
1
1
1
1
1
1
1
1
1
1
1
1
1
1
1
1
1
1
1
1
1
1
1
1
1
1
1
1
1
1
1
1
1
1
1
1
1
1
1
1
1
1
1
1
1
1
1
1
1
1
1
1
1
1
1
1
1
1
1
1
1
1
1
1
1
1
1
1
1
1
1
1
1
1
1
1
1
1
1
1
1
1
1
1
1
1
1
1
1
1
1
1
1
1
1
1
1
1
1
1
1
1
1
1
1
1
1
1
1
1
1
1
1
1
1
1
1
1
1
1
1
1
1
1
1
1
1
1
1
1
1
1
1
1
1
1
1
1
1
1
1
1
1
1
1
1
1
1
1
1
1
1
1
1
1
1
1
1
1
1
1
1
1
1
1
1
1
1
1
1
1
1
1
1
1
1
1
1
1
1
1
1
1
1
1
1
1
1
1
1
1
1
1
1
1
1
1
1
1
1
1
1
1
1
1
1
1
1
1
1
1
1
1
1
1
1
1
1
1
1
1
1
1
1
1
1
1
1
1
1
1
1
1
1
1
1
1
1
1
1
1
1
1
1
1
1
1
1
1
1
1
1
1
1
1
1
1
1
1
1
1
1
1
1
1
1
1
1
1
1
1
1
1
1
1
1
1
1
1
1
1
1
1
1
1
1
1
1
1
1
1
1
1
1
1
1
1
1
1
1
1
1
1
1
1
1
1
1
1
1
1
1
1
1
1
1
1
1
1
1
1
1
1
1
1
1
1
1
1
1
1
1
1
1
1
1
1
1
1
1
1
1
1
1
1
1
1
1
1
1
1
1
1
1
1
1
1
1
1
1
1
1
1
1
1
1
1
1
1
1
1
1
1
1
1
1
1
1
1
1
1
1
1
1
1
1
1
1
1
1
1
1
1
1
1
1
1
1
1
1
1
1
1
1
1
1
1
1
1
1
1
1
1
1
1
1
1
1
1
1
1
1
1
1
1
1
1
1
1
1
1
1
1
1
1
1
1
1
1
1
1
1
1
1
1
1
1
1
1
1
1
1
1
1
1
1
1
1
1
1
1
1
1
1
1
1
1
1
1
1
1
1
1
1
1
1
1
1
1
1
1
1
1
1
1
1
1
1
1
1
1
1
1
1
1
1
1
1
1
1
1
1
1
1
1
1
1
1
1
1
1
1
1
1
1
1
1
1
1
1
1
1
1
1
1
1
1
1
1
1
1
1
1
1
1
1
1
1
1
1
1
1
1
1
1
1
1
1
1
1
1
1
1
1
1
1
1
1
1
1
1
1
1
1
1
1
1
1
1
1
1
1
1
1
1
1
1
1
1
1
1
1
1
1
1
1
1
1
1
1
1
1
1
1
1
1
1
1
1
1
1
1
1
1
1
1
1
1
1
1
1
1
1
1
1
1
1
1
1
1
1
1
1
1
1
1
1
1
1
1
1
1
1
1
1
1
1
1
1
1
1
1
1
1
1
1
1
1
1
1
1
1
1
1
1
1
1
1
1
1
1
1
1
1
1
1
1
1
1
1
1
1
1
1
1
1
1
1
1
1
1
1
1
1
1
1
1
1
1
1
1
1
1
1
1
1
1
1
1
1
1
1
1
1
1
1
1
1
1
1
1
1
1
1
1
1
1
1
1
1
1
1
1
1
1
1
1
1
1
1
1
1
1
1
1
1
1
1
1
1
1
1
1
1
1
1
1
1
1
1
1
1
1
1
1
1
1
1
1
1
1
1
1
1
1
1
1
1
1
1
1
1
1
1
1
1
1
1
1
1
1
1
1
1
1
1
1
1
1
1
1
1
1
1
1
1
1
1
1
1
1
1
1
1
1
1
1
1
1
1
1
1
1
1
1
1
1
1
1
1
1
1
1
1
1
1
1
1
1
1
1
1
1
1
1
1
1
1
1
1
1
1
1
1
1
1
1
1
1
1
1
1
1
1
1
1
1
1
1
1
1
1
1
1
1
1
1
1
1
1
1
1
1
1
1
1
1
1
1
1
1
1
1
1
1
1
1
1
1
1
1
1
1
1
1
1
1
1
1
1
1
)
;

boundaryField
{
    inlet
    {
        type            fixedValue;
        value           uniform 1;
    }
    outlet
    {
        type            zeroGradient;
    }
    bottom
    {
        type            symmetryPlane;
    }
    top
    {
        type            symmetryPlane;
    }
    obstacle
    {
        type            zeroGradient;
    }
    defaultFaces
    {
        type            empty;
    }
}


// ************************************************************************* //
