/*--------------------------------*- C++ -*----------------------------------*\
| =========                 |                                                 |
| \\      /  F ield         | OpenFOAM: The Open Source CFD Toolbox           |
|  \\    /   O peration     | Version:  2206                                  |
|   \\  /    A nd           | Website:  www.openfoam.com                      |
|    \\/     M anipulation  |                                                 |
\*---------------------------------------------------------------------------*/
FoamFile
{
    version     2.0;
    format      ascii;
    arch        "LSB;label=32;scalar=64";
    class       volScalarField;
    location    "0.16";
    object      p;
}
// * * * * * * * * * * * * * * * * * * * * * * * * * * * * * * * * * * * * * //

dimensions      [1 -1 -2 0 0 0 0];

internalField   nonuniform List<scalar> 
4800
(
1
1
1
1
1
1
1
1
1
1
1
1
1
1
1
1
1
1
1
1
1
1
1
1
1
1
1
1
1
1
1
1
1
1
1
1
1
1
1
1
1
1
1
1
1
1
1
1
1
1
1
1
1
1
1
1
1
1
1
1
1
1
1
1
1
1
1
1
1
1
1
1
1
1
1
1
1
1
1
1
1
1
1
1
1
1
1
1
1
1
1
1
1
1
1
1
1
1
1
1
1
1
1
1
1
1
1
1
1
1
1
1
1
1
1
1
1
1
1
1
1
1
1
1
1
1
1
1
1
1
1
1
1
1
1
1
1
1
1
1
1
1
1
1
1
1
1
1
1
1
1
1
1
1
1
1
1
1
1
1
1
1
1
1
1
1
1
1
1
1
1
1
1
1
1
1
1
1
1
1
1
1
1
1
1
1
1
1
1
1
1
1
1
1
1
1
1
1
1
1
1
1
1
1
1
1
1
1
1
1
1
1
1
1
1
1
1
1
1
1
1
1
1
1
1
1
1
1
1
1
1
1
1
1
1
1
1
1
1
1
1
1
1
1
1
1
1
1
1
1
1
1
1
1
1
1
1
1
1
1
1
1
1
1
1
1
1
1
1
1
1
1
1
1
1
1
1
1
1
1
1
1
1
1
1
1
1
1
1
1
1
1
1
1
1
1
1
1
1
1
1
1
1
1
1
1
1
1
1
1
1
1
1
1
1
1
1
1
1
1
1
1
1
1
1
1
1
1
1
1
1
1
1
1
1
1
1
1
1
1
1
1
1
1
1
1
1
1
1
1
1
1
1
1
1
1
1
1
1
1
1
1
1
1
1
1
1
1
1
1
1
1
1
1
1
1
1
1
1
1
1
1
1
1
1
1
1
1
1
1
1
1
1
1
1
1
1
1
1
1
1
1
1
1
1
1
1
1
1
1
1
1
1
1
1
1
1
1
1
1
1
1
1
1
1
1
1
1
1
1
1
1
1
1
1
1
1
1
1
1
1
1
1
1
1
1
1
1
1
1
1
1
1
1
1
1
1
1
1
1
1
1
1
1
1
1
1
1
1
1
1
1
1
1
1
1
1
1
1
1
1
1
1
1
1
1
1
1
1
1
1
1
1
1
1
1
1
1
1
1
1
1
1
1
1
1
1
1
1
1
1
1
1
1
1
1
1
1
1
1
1
1
1
1
1
1
1
1
1
1
1
1
1
1
1
1
1
1
1
1
1
1
1
1
1
1
1
1
1
1
1
1
1
1
1
1
1
1
1
1
1
1
1
1
1
1
1
1
1
1
1
1
1
1
1
1
1
1
1
1
1
1
1
1
1
1
1
1
1
1
1
1
1
1
1
1
1
1
1
1
1
1
1
1
1
1
1
1
1
1
1
1
1
1
1
1
1
1
1
1
1
1
1
1
1
1
1
1
1
1
1
1
1
1
1
1
1
1
1
1
1
1
1
1
1
1
1
1
1
1
1
1
1
1
1
1
1
1
1
1
1
1
1
1
1
1
1
1
1
1
1
1
1
1
1
1
1
1
1
1
1
1
1
1
1
1
1
1
1
1
1
1
1
1
1
1
1
1
1
1
1
1
1
1
1
1
1
1
1
1
1
1
1
1
1
1
1
1
1
1
1
1
1
1
1
1
1
1
1
1
1
1
1
1
1
1
1
1
1
1
1
1
1
1
1
1
1
1
1
1
1
1
1
1
1
1
1
1
1
1
1
1
1
1
1
1
1
1
1
1
1
1
1
1
1
1
1
1
1
1
1
1
1
1
1
1
1
1
1
1
1
1
1
1
1
1
1
1
1
1
1
1
1
1
1
1
1
1
1
1
1
1
1
1
1
1
1
1
1
1
1
1
1
1
1
1
1
1
1
1
1
1
1
1
1
1
1
1
1
1
1
1
1
1
1
1
1
1
1
1
1
1
1
1
1
1
1
1
1
1
1
1
1
1
1
1
1
1
1
1
1
1
1
1
1
1
1
1
1
1
1
1
1
1
1
1
1
1
1
1
1
1
1
1
1
1
1
1
1
1
1
1
1
1
1
1
1
1
1
1
1
1
1
1
1
1
1
1
1
1
1
1
1
1
1
1
1
1
1
1
1
1
1
1
1
1
1
1
1
1
1
1
1
1
1
1
1
1
1
1
1
1
1
1
1
1
1
1
1
1
1
1
1
1
1
1
1
1
1
1
1
1
1
1
1
1
1
1
1
1
1
1
1
1
1
1
1
1
1
1
1
1
1
1
1
1
1
1
1
1
1
1
1
1
1
1
1
1
1
1
1
1
1
1
1
1
1
1
1
1
1
1
1
1
1
1
1
1
1
1
1
1
1
1
1
1
1
1
1
1
1
1
1
1
1
1
1
1
1
1
1
1
1
1
1
1
1
1
1
1
1
1
1
1
1
1
1
1
1
1
1
1
1
1
1
1
1
1
1
1
1
1
1
1
1
1
1
1
1
1
1
1
1
1
1
1
1
1
1
1
1
1
1
1
1
1
1
1
1
1
1
1
1
1
1
1
1
1
1
1
1
1
1
1
1
1
1
1
1
1
1
1
1
1
1
1
1
1
1
1
1
1
1
1
1
1
1
1
1
1
1
1
1
1
1
1
1
1
1
1
1
1
1
1
1
1
1
1
1
1
1
1
1
1
1
1
1
1
1
1
1
1
1
1
1
1
1
1
1
1
1
1
1
1
1
1
1
1
1
1
1
1
1
1
1
1
1
1
1
1
1
1
1
1
1
1
1
1
1
1
1
1
1
1
1
1
1
1
1
1
1
1
1
1
1
1
1
1
1
1
1
1
1
1
1
1
1
1
1
1
1
1
1
1
1
1
1
1
1
1
1
1
1
1
1
1
1
1
1
1
1
1
1
1
1
1
1
1
1
1
1
1
1
1
1
1
1
1
1
1
1
1
1
1
1
1
1
1
1
1
1
1
1
1
1
1
1
1
1
1
1
1
1
1
1
1
1
1
1
1
1
1
1
1
1
1
1
1
1
1
1
1
1
1
1
1
1
1
1
1
1
1
1
1
1
1
1
1
1
1
1
1
1
1
1
1
1
1
1
1
1
1
1
1
1
1
1
1
1
1
1
1
1
1
1
1
1
1
1
1
1
1
1
1
1
1
1
1
1
1
1
1
1
1
1
1
1
1
1
1
1
1
1
1
1
1
1
1
1
1
1
1
1
1
1
1
1
1
1
1
1
1
1
1
1
1
1
1
1
1
1
1
1
1
1
1
1
1
1
1
1
1
1
1
1
1
1
1
1
1
1
1
1
1
1
1
1
1
1
1
1
1
1
1
1
1
1
1
1
1
1
1
1
1
1
1
1
1
1
1
1
1
1
1
1
1
1
1
1
1
1
1
1
1
1
1
1
1
1
1
1
1
1
1
1
1
1
1
1
1
1
1
1
1
1
1
1
1
1
1
1
1
1
1
1
1
1
1
1
1
1
1
1
1
1
1
1
1
1
1
1
1
1
1
1
1
1
1
1
1
1
1
1
1
1
1
1
1
1
1
1
1
1
1
1
1
1
1
1
1
1
1
1
1
1
1
1
1
1
1
1
1
1
1
1
1
1
1
1
1
1
1
1
1
1
1
1
1
1
1
1.25682
1.66266
2.14336
2.71007
3.41821
4.04284
4.62784
5.517
6.68141
7.13749
7.43688
8.00089
9.11372
9.6111
9.50592
9.57438
9.68368
9.59121
9.25848
8.66997
8.11808
7.69266
7.19925
6.54396
5.97802
5.86824
5.88572
5.81534
5.72249
5.7437
5.82224
5.91825
5.97327
6.01006
6.06522
6.17293
6.29657
6.32568
6.31937
6.29486
6.27112
6.25851
6.24918
6.24977
6.25807
6.28734
6.36607
6.43948
6.46381
6.46054
6.42677
6.34828
6.2457
6.20152
6.20168
6.23581
6.34303
6.46796
6.51156
6.51071
6.48272
6.42385
6.34855
6.27621
6.23166
6.21889
6.23322
6.31262
6.44942
6.55091
6.58203
6.57249
6.51766
6.39814
6.24532
6.17282
6.16417
6.18141
6.26302
6.44855
1
1
0.999999
0.99885
0.99695
1.06704
1.13149
1.13612
1.29562
1.71472
2.11118
2.41405
2.9351
3.74466
4.27049
4.65214
5.35237
5.82107
6.10894
6.25954
6.48373
7.00135
7.03898
6.79863
6.71001
6.74627
6.79468
6.76646
6.60372
6.43738
6.3252
6.26273
6.12199
6.02654
6.0397
6.08517
6.13887
6.17891
6.19372
6.2107
6.25884
6.28447
6.29167
6.29004
6.28413
6.27687
6.27646
6.29456
6.339
6.37945
6.38285
6.35779
6.33849
6.33217
6.33001
6.34159
6.35063
6.34859
6.36911
6.39732
6.40534
6.39841
6.3845
6.37859
6.36981
6.34618
6.32822
6.33513
6.34094
6.36601
6.42453
6.45915
6.44898
6.39532
6.36904
6.34852
6.33486
6.34677
6.38637
6.4201
1
1
1
1
0.999997
0.999996
1
1
1
1
1
0.999385
0.997772
1.0567
1.21327
1.37383
1.76769
2.57572
3.42325
4.4473
5.55516
6.775
7.30998
7.3098
7.38062
7.45166
7.43276
7.39975
7.26846
7.04652
6.80148
6.50178
6.18792
6.06615
6.07569
6.13402
6.14359
6.14081
6.1495
6.16716
6.22163
6.2975
6.3283
6.33087
6.33115
6.32145
6.27519
6.24784
6.2486
6.282
6.35935
6.39715
6.40053
6.39917
6.40482
6.40354
6.38056
6.32517
6.28773
6.28066
6.29825
6.37588
6.44478
6.46246
6.46569
6.45327
6.40774
6.34557
6.29448
6.27325
6.26729
6.29491
6.38266
6.45702
6.48418
6.49763
6.49932
6.48726
6.46801
6.42409
1
1
1
1
1
1
1
1
1
1
1
1
1
1
1
1
1
0.997934
1.01861
1.18713
1.58052
2.2785
3.56289
4.55494
5.52002
6.30897
6.49843
6.781
6.71121
6.61834
6.66226
6.7584
6.70724
6.58903
6.5683
6.54315
6.45906
6.30332
6.12246
6.0853
6.09992
6.16087
6.22612
6.26017
6.26971
6.2656
6.23643
6.21652
6.21283
6.23946
6.32669
6.4091
6.44306
6.46082
6.46498
6.44252
6.37516
6.2749
6.21459
6.20469
6.22202
6.29909
6.44011
6.52503
6.53441
6.51661
6.46305
6.36416
6.27366
6.22935
6.21971
6.22977
6.29349
6.42994
6.53422
6.56047
6.55824
6.54324
6.51317
6.40326
1
1
1
1
1
1
1
1
1
1
1
1
1
1
1
1
1
1
0.999997
0.999999
1
0.998156
1.06108
1.31981
1.66934
2.48473
3.57682
4.71068
5.5197
5.99685
6.71504
6.93196
6.94588
7.00407
7.00772
6.96176
6.81957
6.42642
6.10803
6.08528
6.12186
6.19926
6.24102
6.25137
6.24958
6.23039
6.20204
6.18059
6.16982
6.19944
6.27266
6.34214
6.39459
6.44804
6.46859
6.44231
6.3612
6.3
6.26492
6.23502
6.22892
6.26291
6.35586
6.46908
6.52142
6.52306
6.48483
6.38676
6.29921
6.26156
6.25131
6.25768
6.28282
6.34435
6.44218
6.52476
6.56256
6.56118
6.50683
6.39906
1
1
1
1
1
1
1
1
1
1
1
1
1
1
1
1
1
1
1
1
1
1
1
1
0.999098
1.00085
1.07702
1.23291
1.79197
2.62645
3.60529
4.62566
5.30776
6.05054
6.46597
6.55676
6.53091
6.36075
6.28479
6.28092
6.3245
6.3936
6.42354
6.40936
6.36915
6.33189
6.28273
6.22598
6.1862
6.19866
6.22289
6.24698
6.27774
6.32614
6.3897
6.4211
6.4221
6.41585
6.38986
6.32451
6.28657
6.2925
6.31169
6.34173
6.3805
6.41218
6.42655
6.42868
6.42481
6.40949
6.37161
6.34178
6.34313
6.3606
6.36522
6.37397
6.38991
6.40347
6.41587
6.41411
1
1
1
1
1
1
1
1
1
1
1
1
1
1
1
1
1
1
1
1
1
1
1
1
1
0.999999
1
1
0.999242
1.00409
1.05796
1.43263
2.0508
2.81611
3.84439
4.72508
5.88703
6.24813
6.41961
6.63163
6.63374
6.56771
6.49171
6.45905
6.40756
6.31368
6.27807
6.23916
6.23277
6.22251
6.1915
6.15605
6.15009
6.16803
6.23475
6.35815
6.44539
6.46161
6.46229
6.44499
6.37323
6.30929
6.26788
6.24259
6.23817
6.26239
6.35271
6.45499
6.50473
6.52369
6.52879
6.51762
6.47253
6.39614
6.31802
6.27217
6.24923
6.24534
6.2877
6.4016
1
1
1
1
1
1
1
1
1
1
1
1
1
1
1
1
1
1
1
1
1
1
1
1
1
1
1
1
1
1
0.999999
1
0.998467
1.00989
1.19241
1.54362
2.15172
3.23362
4.19619
5.42465
5.8558
6.03762
6.04041
5.99674
6.05259
6.26539
6.39363
6.48408
6.49416
6.45955
6.38046
6.23738
6.10964
6.08863
6.12561
6.24725
6.39797
6.45417
6.4597
6.45903
6.44359
6.34523
6.26069
6.22426
6.21608
6.22583
6.26717
6.36446
6.48533
6.54599
6.55614
6.54874
6.5116
6.39902
6.29006
6.24209
6.23484
6.24323
6.27707
6.39152
1
1
1
1
1
1
1
1
1
1
1
1
1
1
1
1
1
1
1
1
1
1
1
1
1
1
1
1
1
1
1
1
1
0.999999
1
0.999803
0.997915
1.08958
1.32994
1.84014
2.78658
3.87052
4.86166
5.24224
5.78827
6.17582
6.33234
6.47736
6.52929
6.51932
6.47123
6.31485
6.09716
6.05354
6.08701
6.20784
6.30513
6.34238
6.38292
6.42671
6.46416
6.48488
6.45419
6.3764
6.28157
6.24302
6.25772
6.28537
6.33473
6.42697
6.5003
6.51648
6.50638
6.48537
6.43809
6.3608
6.29448
6.27757
6.29904
6.36967
1
1
1
1
1
1
1
1
1
1
1
1
1
1
1
1
1
1
1
1
1
1
1
1
1
1
1
1
1
1
1
1
1
1
1
1
1
1
1
0.998486
1.04558
1.16517
1.5125
2.2765
3.27083
4.41915
5.02384
5.5987
6.02582
6.25456
6.32928
6.27314
6.22571
6.21335
6.2254
6.27986
6.27894
6.24327
6.22139
6.2594
6.36041
6.45273
6.49347
6.49827
6.48294
6.41549
6.30881
6.27465
6.28175
6.29347
6.31193
6.35721
6.41224
6.45345
6.46979
6.47598
6.46691
6.43788
6.41442
6.39106
1
1
1
1
1
1
1
1
1
1
1
1
1
1
1
1
1
1
1
1
1
1
1
1
1
1
1
1
1
1
1
1
1
1
1
1
1
1
1
1
0.999999
1
0.999025
1.00798
1.06677
1.45263
2.2919
3.1164
3.98787
4.82379
5.82812
6.10097
6.17334
6.3261
6.42775
6.41542
6.35783
6.20984
6.04683
6.02355
6.06993
6.27632
6.46566
6.51014
6.54417
6.56038
6.52679
6.41817
6.30411
6.24612
6.23682
6.2439
6.26409
6.30953
6.41046
6.48425
6.5028
6.52835
6.54143
6.50297
1
1
1
1
1
1
1
1
1
1
1
1
1
1
1
1
1
1
1
1
1
1
1
1
1
1
1
1
1
1
1
1
1
1
1
1
1
1
1
1
1
1
1
1
1
0.999151
1.00926
1.05194
1.36884
1.96607
2.89852
3.96933
4.82642
5.76384
6.2611
6.33392
6.34618
6.30459
6.10325
5.98793
5.99162
6.0805
6.27453
6.45231
6.51812
6.53544
6.53704
6.53344
6.48961
6.40171
6.28837
6.2152
6.22158
6.26484
6.3051
6.37258
6.48577
6.53074
6.53998
6.50914
1
1
1
1
1
1
1
1
1
1
1
1
1
1
1
1
1
1
1
1
1
1
1
1
1
1
1
1
1
1
1
1
1
1
1
1
1
1
1
1
1
1
1
1
1
1
1
1
0.999785
1.00043
1.04816
1.47042
2.17357
3.09278
4.07804
5.13757
6.0062
6.21841
6.2205
6.28486
6.24123
6.13819
6.14573
6.19408
6.24171
6.29289
6.38511
6.46804
6.49583
6.50137
6.48369
6.41107
6.31017
6.26721
6.27424
6.31853
6.367
6.41323
6.45211
6.45863
1
1
1
1
1
1
1
1
1
1
1
1
1
1
1
1
1
1
1
1
1
1
1
1
1
1
1
1
1
1
1
1
1
1
1
1
1
1
1
1
1
1
1
1
1
1
1
1
1
1
1
0.999044
1.00556
1.09454
1.5058
2.11986
3.19982
4.28677
5.43483
6.12879
6.20731
6.24528
6.30703
6.24891
6.09729
5.98412
6.01357
6.17945
6.44533
6.52035
6.4955
6.49444
6.51
6.49748
6.43791
6.35685
6.32341
6.3286
6.34385
6.35359
1
1
1
1
1
1
1
1
1
1
1
1
1
1
1
1
1
1
1
1
1
1
1
1
1
1
1
1
1
1
1
1
1
1
1
1
1
1
1
1
1
1
1
1
1
1
1
1
1
1
1
1
1
1
0.999225
1.00536
1.16107
1.65584
2.53452
3.74494
4.93353
5.90562
6.31563
6.37909
6.30984
6.03336
5.95068
6.02382
6.22904
6.37829
6.43687
6.48322
6.51823
6.54251
6.5247
6.48373
6.42504
6.36103
6.32716
6.30942
1
1
1
1
1
1
1
1
1
1
1
1
1
1
1
1
1
1
1
1
1
1
1
1
1
1
1
1
1
1
1
1
1
1
1
1
1
1
1
1
1
1
1
1
1
1
1
1
1
1
1
1
1
1
1
1
0.999731
1.00037
1.04311
1.40242
2.0941
3.15608
4.32215
5.69549
6.18523
6.11219
6.13092
6.28938
6.30512
6.28475
6.20924
6.16789
6.22625
6.36495
6.4581
6.43923
6.41948
6.44075
6.46256
6.41349
1
1
1
1
1
1
1
1
1
1
1
1
1
1
1
1
1
1
1
1
1
1
1
1
1
1
1
1
1
1
1
1
1
1
1
1
1
1
1
1
1
1
1
1
1
1
1
1
1
1
1
1
1
1
1
1
1
0.999999
1.00001
0.99983
1.01028
1.17253
1.60531
2.52751
3.94358
5.13434
5.86524
6.37281
6.45731
6.43672
6.24338
6.06884
6.07749
6.15988
6.28652
6.34254
6.37957
6.46131
6.52661
6.51281
1
1
1
1
1
1
1
1
1
1
1
1
1
1
1
1
1
1
1
1
1
1
1
1
1
1
1
1
1
1
1
1
1
1
1
1
1
1
1
1
1
1
1
1
1
1
1
1
1
1
1
1
1
1
1
1
1
1
1
0.999997
0.999997
0.999842
1.00125
1.04816
1.56491
2.65391
3.63185
4.85376
6.11842
6.39289
6.3245
6.32754
6.41104
6.34677
6.29257
6.24377
6.20383
6.24739
6.37472
6.44113
1
1
1
1
1
1
1
1
1
1
1
1
1
1
1
1
1
1
1
1
1
1
1
1
1
1
1
1
1
1
1
1
1
1
1
1
1
1
1
1
1
1
1
1
1
1
1
1
1
1
1
1
1
1
1
1
1
1
1
1
1
0.999997
0.999994
0.999864
1.00323
1.0628
1.41669
2.03279
3.39618
4.81581
5.63456
6.15954
6.43939
6.50861
6.49949
6.42691
6.28614
6.25843
6.28024
6.29377
1
1
1
1
1
1
1
1
1
1
1
1
1
1
1
1
1
1
1
1
1
1
1
1
1
1
1
1
1
1
1
1
1
1
1
1
1
1
1
1
1
1
1
1
1
1
1
1
1
1
1
1
1
1
1
1
1
1
1
1
1
1
1
0.999994
0.999995
0.999923
1.00135
1.01367
1.23843
2.29221
3.79663
4.62977
5.68158
6.41719
6.48699
6.47022
6.4663
6.5302
6.52475
6.38885
1
1
1
1
1
1
1
1
1
1
1
1
1
1
1
1
1
1
1
1
1
1
1
1
1
1
1
1
1
1
1
1
1
1
1
1
1
1
1
1
1
1
1
1
1
1
1
1
1
1
1
1
1
1
1
1
1
1
1
1
1
1
1
1
1
0.999998
0.999999
0.999968
1.00089
1.03783
1.43523
2.34893
3.5409
5.0912
5.66491
5.88922
6.24125
6.48302
6.53253
6.47877
1
1
1
1
1
1
1
1
1
1
1
1
1
1
1
1
1
1
1
1
1
1
1
1
1
1
1
1
1
1
1
1
1
1
1
1
1
1
1
1
1
1
1
1
1
1
1
1
1
1
1
1
1
1
1
1
1
1
1
1
1
1
1
1
1
1
1
0.999997
0.999997
0.999929
1.00325
1.05254
1.28229
2.25007
4.45297
5.23475
5.62951
6.08597
6.39894
6.35748
1
1
1
1
1
1
1
1
1
1
1
1
1
1
1
1
1
1
1
1
1
1
1
1
1
1
1
1
1
1
1
1
1
1
1
1
1
1
1
1
1
1
1
1
1
1
1
1
1
1
1
1
1
1
1
1
1
1
1
1
1
1
1
1
1
1
1
1
1
0.999995
0.999998
0.999947
1.00152
1.04792
1.59874
3.19386
4.52756
5.82386
6.15903
6.04441
1
1
1
1
1
1
1
1
1
1
1
1
1
1
1
1
1
1
1
1
1
1
1
1
1
1
1
1
1
1
1
1
1
1
1
1
1
1
1
1
1
1
1
1
1
1
1
1
1
1
1
1
1
1
1
1
1
1
1
1
1
1
1
1
1
1
1
1
1
1
1
0.999998
0.999992
0.999992
1.0105
1.29478
1.91709
3.19379
5.06549
6.07931
1
1
1
1
1
1
1
1
1
1
1
1
1
1
1
1
1
1
1
1
1
1
1
1
1
1
1
1
1
1
1
1
1
1
1
1
1
1
1
1
1
1
1
1
1
1
1
1
1
1
1
1
1
1
1
1
1
1
1
1
1
1
1
1
1
1
1
1
1
1
1
1
0.999999
0.999998
0.999975
1.00168
1.02733
1.2265
2.07187
4.77731
1
1
1
1
1
1
1
1
1
1
1
1
1
1
1
1
1
1
1
1
1
1
1
1
1
1
1
1
1
1
1
1
1
1
1
1
1
1
1
1
1
1
1
1
1
1
1
1
1
1
1
1
1
1
1
1
1
1
1
1
1
1
1
1
1
1
1
1
1
1
1
1
1
1
0.999996
0.999998
0.999972
1.00153
1.04707
2.63838
1
1
1
1
1
1
1
1
1
1
1
1
1
1
1
1
1
1
1
1
1
1
1
1
1
1
1
1
1
1
1
1
1
1
1
1
1
1
1
1
1
1
1
1
1
1
1
1
1
1
1
1
1
1
1
1
1
1
1
1
1
1
1
1
1
1
1
1
1
1
1
1
1
1
1
1
0.999997
0.999994
1.00051
1.27444
1
1
1
1
1
1
1
1
1
1
1
1
1
1
1
1
1
1
1
1
1
1
1
1
1
1
1
1
1
1
1
1
1
1
1
1
1
1
1
1
1
1
1
1
1
1
1
1
1
1
1
1
1
1
1
1
1
1
1
1
1
1
1
1
1
1
1
1
1
1
1
1
1
1
1
1
1
0.999999
0.999999
1.01001
1
1
1
1
1
1
1
1
1
1
1
1
1
1
1
1
1
1
1
1
1
1
1
1
1
1
1
1
1
1
1
1
1
1
1
1
1
1
1
1
1
1
1
1
1
1
1
1
1
1
1
1
1
1
1
1
1
1
1
1
1
1
1
1
1
1
1
1
1
1
1
1
1
1
1
1
1
1
1
1.00007
1
1
1
1
1
1
1
1
1
1
1
1
1
1
1
1
1
1
1
1
1
1
1
1
1
1
1
1
1
1
1
1
1
1
1
1
1
1
1
1
1
1
1
1
1
1
1
1
1
1
1
1
1
1
1
1
1
1
1
1
1
1
1
1
1
1
1
1
1
1
1
1
1
1
1
1
1
1
1
1
1
1
1
1
1
1
1
1
1
1
1
1
1
1
1
1
1
1
1
1
1
1
1
1
1
1
1
1
1
1
1
1
1
1
1
1
1
1
1
1
1
1
1
1
1
1
1
1
1
1
1
1
1
1
1
1
1
1
1
1
1
1
1
1
1
1
1
1
1
1
1
1
1
1
1
1
1
1
1
1
1
1
1
1
1
1
1
1
1
1
1
1
1
1
1
1
1
1
1
1
1
1
1
1
1
1
1
1
1
1
1
1
1
1
1
1
1
1
1
1
1
1
1
1
1
1
1
1
1
1
1
1
1
1
1
1
1
1
1
1
1
1
1
1
1
1
1
1
1
1
1
1
1
1
1
1
1
1
1
1
1
1
1
1
1
1
1
1
1
1
1
1
1
1
1
1
1
1
1
1
1
1
1
1
1
1
1
1
1
1
1
1
1
1
1
1
1
1
1
1
1
1
1
1
1
1
1
1
1
1
1
1
1
1
1
1
1
1
1
1
1
1
1
1
1
1
1
1
1
1
1
1
1
1
1
1
1
1
1
1
1
1
1
1
1
1
1
1
1
1
1
1
1
1
1
1
1
1
1
1
1
1
1
1
1
1
1
1
1
1
1
1
1
1
1
1
1
1
1
1
1
1
1
1
1
1
1
1
1
1
1
1
1
1
1
1
1
1
1
1
1
1
1
1
1
1
1
1
1
1
1
1
1
1
1
1
1
1
1
1
1
1
1
1
1
1
1
1
1
1
1
1
1
1
1
1
1
1
1
1
1
1
1
1
1
1
1
1
1
1
1
1
1
1
1
1
1
1
1
1
1
1
1
1
1
1
1
1
1
1
1
1
1
1
1
1
1
1
1
1
1
1
1
1
1
1
1
1
1
1
1
1
1
1
1
1
1
1
1
1
1
1
1
1
1
1
1
1
1
1
1
1
1
1
1
1
1
1
1
1
1
1
1
1
1
1
1
1
1
1
1
1
1
1
1
1
1
1
1
1
1
1
1
1
1
1
1
1
1
1
1
1
1
1
1
1
1
1
1
1
1
1
1
1
1
1
1
1
1
1
1
1
1
1
1
1
1
1
1
1
1
1
1
1
1
1
1
1
1
1
1
1
1
1
1
1
1
1
1
1
1
1
1
1
1
1
1
1
1
1
1
1
1
1
1
1
1
1
1
1
1
1
1
1
1
1
1
1
1
1
1
1
1
1
1
1
1
1
1
1
1
1
1
1
1
1
1
1
1
1
1
1
1
1
1
1
1
1
1
1
1
1
1
1
1
1
1
1
1
1
1
1
1
1
1
1
1
1
1
1
1
1
1
1
1
1
1
1
1
1
1
1
1
1
1
1
1
1
1
1
1
1
1
1
1
1
1
1
1
1
1
1
1
1
1
1
1
1
1
1
1
1
1
1
1
1
1
1
1
1
1
1
1
1
1
1
1
1
1
1
1
1
1
1
1
1
1
1
1
1
1
1
1
1
1
1
1
1
1
1
1
1
1
1
1
1
1
1
1
1
1
1
1
1
1
1
1
1
1
1
1
1
1
1
1
1
1
1
1
1
1
1
1
1
1
1
1
1
1
1
1
1
1
1
1
1
1
1
1
1
1
1
1
1
1
1
1
1
1
1
1
1
1
1
1
1
1
1
1
1
1
1
1
1
1
1
1
1
1
1
1
1
1
1
1
1
1
1
1
1
1
1
1
1
1
1
1
1
1
1
1
1
1
1
1
1
1
1
1
1
1
1
1
1
1
1
1
1
1
1
1
1
1
1
1
1
1
1
1
1
1
1
1
1
1
1
1
1
1
1
)
;

boundaryField
{
    inlet
    {
        type            fixedValue;
        value           uniform 1;
    }
    outlet
    {
        type            zeroGradient;
    }
    bottom
    {
        type            symmetryPlane;
    }
    top
    {
        type            symmetryPlane;
    }
    obstacle
    {
        type            zeroGradient;
    }
    defaultFaces
    {
        type            empty;
    }
}


// ************************************************************************* //
