/*--------------------------------*- C++ -*----------------------------------*\
| =========                 |                                                 |
| \\      /  F ield         | OpenFOAM: The Open Source CFD Toolbox           |
|  \\    /   O peration     | Version:  2206                                  |
|   \\  /    A nd           | Website:  www.openfoam.com                      |
|    \\/     M anipulation  |                                                 |
\*---------------------------------------------------------------------------*/
FoamFile
{
    version     2.0;
    format      ascii;
    arch        "LSB;label=32;scalar=64";
    class       volScalarField;
    location    "0.06";
    object      p;
}
// * * * * * * * * * * * * * * * * * * * * * * * * * * * * * * * * * * * * * //

dimensions      [1 -1 -2 0 0 0 0];

internalField   nonuniform List<scalar> 
4800
(
1
1
1
1
1
1
1
1
1
1
1
1
1
1
1
1
1
1
1
1
1
1
1
1
1
1
1
1
1
1
1
1
1
1
1
1
1
1
1
1
1
1
1
1
1
1
1
1
1
1
1
1
1
1
1
1
1
1
1
1
1
1
1
1
1
1
1
1
1
1
1
1
1
1
1
1
1
1
1
1
1
1
1
1
1
1
1
1
1
1
1
1
1
1
1
1
1
1
1
1
1
1
1
1
1
1
1
1
1
1
1
1
1
1
1
1
1
1
1
1
1
1
1
1
1
1
1
1
1
1
1
1
1
1
1
1
1
1
1
1
1
1
1
1
1
1
1
1
1
1
1
1
1
1
1
1
1
1
1
1
1
1
1
1
1
1
1
1
1
1
1
1
1
1
1
1
1
1
1
1
1
1
1
1
1
1
1
1
1
1
1
1
1
1
1
1
1
1
1
1
1
1
1
1
1
1
1
1
1
1
1
1
1
1
1
1
1
1
1
1
1
1
1
1
1
1
1
1
1
1
1
1
1
1
1
1
1
1
1
1
1
1
1
1
1
1
1
1
1
1
1
1
1
1
1
1
1
1
1
1
1
1
1
1
1
1
1
1
1
1
1
1
1
1
1
1
1
1
1
1
1
1
1
1
1
1
1
1
1
1
1
1
1
1
1
1
1
1
1
1
1
1
1
1
1
1
1
1
1
1
1
1
1
1
1
1
1
1
1
1
1
1
1
1
1
1
1
1
1
1
1
1
1
1
1
1
1
1
1
1
1
1
1
1
1
1
1
1
1
1
1
1
1
1
1
1
1
1
1
1
1
1
1
1
1
1
1
1
1
1
1
1
1
1
1
1
1
1
1
1
1
1
1
1
1
1
1
1
1
1
1
1
1
1
1
1
1
1
1
1
1
1
1
1
1
1
1
1
1
1
1
1
1
1
1
1
1
1
1
1
1
1
1
1
1
1
1
1
1
1
1
1
1
1
1
1
1
1
1
1
1
1
1
1
1
1
1
1
1
1
1
1
1
1
1
1
1
1
1
1
1
1
1
1
1
1
1
1
1
1
1
1
1
1
1
1
1
1
1
1
1
1
1
1
1
1
1
1
1
1
1
1
1
1
1
1
1
1
1
1
1
1
1
1
1
1
1
1
1
1
1
1
1
1
1
1
1
1
1
1
1
1
1
1
1
1
1
1
1
1
1
1
1
1
1
1
1
1
1
1
1
1
1
1
1
1
1
1
1
1
1
1
1
1
1
1
1
1
1
1
1
1
1
1
1
1
1
1
1
1
1
1
1
1
1
1
1
1
1
1
1
1
1
1
1
1
1
1
1
1
1
1
1
1
1
1
1
1
1
1
1
1
1
1
1
1
1
1
1
1
1
1
1
1
1
1
1
1
1
1
1
1
1
1
1
1
1
1
1
1
1
1
1
1
1
1
1
1
1
1
1
1
1
1
1
1
1
1
1
1
1
1
1
1
1
1
1
1
1
1
1
1
1
1
1
1
1
1
1
1
1
1
1
1
1
1
1
1
1
1
1
1
1
1
1
1
1
1
1
1
1
1
1
1
1
1
1
1
1
1
1
1
1
1
1
1
1
1
1
1
1
1
1
1
1
1
1
1
1
1
1
1
1
1
1
1
1
1
1
1
1
1
1
1
1
1
1
1
1
1
1
1
1
1
1
1
1
1
1
1
1
1
1
1
1
1
1
1
1
1
1
1
1
1
1
1
1
1
1
1
1
1
1
1
1
1
1
1
1
1
1
1
1
1
1
1
1
1
1
1
1
1
1
1
1
1
1
1
1
1
1
1
1
1
1
1
1
1
1
1
1
1
1
1
1
1
1
1
1
1
1
1
1
1
1
1
1
1
1
1
1
1
1
1
1
1
1
1
1
1
1
1
1
1
1
1
1
1
1
1
1
1
1
1
1
1
1
1
1
1
1
1
1
1
1
1
1
1
1
1
1
1
1
1
1
1
1
1
1
1
1
1
1
1
1
1
1
1
1
1
1
1
1
1
1
1
1
1
1
1
1
1
1
1
1
1
1
1
1
1
1
1
1
1
1
1
1
1
1
1
1
1
1
1
1
1
1
1
1
1
1
1
1
1
1
1
1
1
1
1
1
1
1
1
1
1
1
1
1
1
1
1
1
1
1
1
1
1
1
1
1
1
1
1
1
1
1
1
1
1
1
1
1
1
1
1
1
1
1
1
1
1
1
1
1
1
1
1
1
1
1
1
1
1
1
1
1
1
1
1
1
1
1
1
1
1
1
1
1
1
1
1
1
1
1
1
1
1
1
1
1
1
1
1
1
1
1
1
1
1
1
1
1
1
1
1
1
1
1
1
1
1
1
1
1
1
1
1
1
1
1
1
1
1
1
1
1
1
1
1
1
1
1
1
1
1
1
1
1
1
1
1
1
1
1
1
1
1
1
1
1
1
1
1
1
1
1
1
1
1
1
1
1
1
1
1
1
1
1
1
1
1
1
1
1
1
1
1
1
1
1
1
1
1
1
1
1
1
1
1
1
1
1
1
1
1
1
1
1
1
1
1
1
1
1
1
1
1
1
1
1
1
1
1
1
1
1
1
1
1
1
1
1
1
1
1
1
1
1
1
1
1
1
1
1
1
1
1
1
1
1
1
1
1
1
1
1
1
1
1
1
1
1
1
1
1
1
1
1
1
1
1
1
1
1
1
1
1
1
1
1
1
1
1
1
1
1
1
1
1
1
1
1
1
1
1
1
1
1
1
1
1
1
1
1
1
1
1
1
1
1
1
1
1
1
1
1
1
1
1
1
1
1
1
1
1
1
1
1
1
1
1
1
1
1
1
1
1
1
1
1
1
1
1
1
1
1
1
1
1
1
1
1
1
1
1
1
1
1
1
1
1
1
1
1
1
1
1
1
1
1
1
1
1
1
1
1
1
1
1
1
1
1
1
1
1
1
1
1
1
1
1
1
1
1
1
1
1
1
1
1
1
1
1
1
1
1
1
1
1
1
1
1
1
1
1
1
1
1
1
1
1
1
1
1
1
1
1
1
1
1
1
1
1
1
1
1
1
1
1
1
1
1
1
1
1
1
1
1
1
1
1
1
1
1
1
1
1
1
1
1
1
1
1
1
1
1
1
1
1
1
1
1
1
1
1
1
1
1
1
1
1
1
1
1
1
1
1
1
1
1
1
1
1
1
1
1
1
1
1
1
1
1
1
1
1
1
1
1
1
1
1
1
1
1
1
1
1
1
1
1
1
1
1
1
1
1
1
1
1
1
1
1
1
1
1
1
1
1
1
1
1
1
1
1
1
1
1
1
1
1
1
1
1
1
1
1
1
1
1
1
1
1
1
1
1
1
1
1
1
1
1
1
1
1
1
1
1
1
1
1
1
1
1
1
1
1
1
1
1
1
1
1
1
1
1
1
1
1
1
1
1
1
1
1
1
1
1
1
1
1
1
1
1
1
1
1
1
1
1
1
1
1
1
1
1
1
1
1
1
1
1
1
1
1
1
1
1
1
1
1
1
1
1
1
1
1
1
1
1
1
1
1
1
1
1
1
1
1
1
1
1
1
1
1
1
1
1
1
1
1
1
1
1
1
1
1
1
1
1
1.25616
1.66101
2.14711
2.68918
3.38567
4.1194
4.69859
5.37039
6.60681
7.46283
7.75764
8.09536
8.92281
9.92746
10.0902
9.95433
10.0679
10.0909
9.87933
9.36571
8.71434
8.09303
7.64119
7.23046
6.68096
6.0984
6.00364
5.99146
5.91429
5.88807
5.93488
6.08357
6.31509
6.36406
6.3003
6.21512
6.23078
6.3531
6.54607
6.62838
6.61453
6.57526
6.53764
6.51619
6.49535
6.46955
6.46079
6.49389
6.62091
6.70452
6.72118
6.71371
6.67601
6.62047
6.56202
6.50802
6.46427
6.44261
6.44887
6.52674
6.66848
6.76681
6.79284
6.77673
6.69998
6.56709
6.46792
6.4513
6.46685
6.53014
6.6218
6.64908
6.62339
6.4947
6.36804
6.35501
6.35466
6.35904
6.38539
6.39312
1
1
0.999999
0.999659
0.996634
1.02137
1.14864
1.16064
1.22189
1.54318
2.03195
2.37875
2.76464
3.48044
4.29774
4.68012
5.13525
5.93931
6.19404
6.42678
6.69026
6.79175
7.20138
7.34124
7.21085
7.03172
6.97509
6.96532
6.88019
6.65706
6.58512
6.53616
6.51957
6.42969
6.27636
6.22313
6.24269
6.30045
6.37624
6.42152
6.44242
6.47588
6.52835
6.54261
6.53785
6.53847
6.53232
6.53226
6.52944
6.53358
6.54811
6.57138
6.60951
6.62579
6.63113
6.63463
6.62246
6.57788
6.53931
6.53681
6.54106
6.57013
6.63204
6.66661
6.65834
6.63236
6.62256
6.60326
6.60224
6.60781
6.60331
6.58341
6.52924
6.41204
6.35894
6.35413
6.35427
6.36804
6.39083
6.38627
1
1
1
1
1
0.999992
1
1
1
0.99999
1
1
0.997834
1.0142
1.14155
1.34058
1.55257
2.13407
3.14261
4.0584
5.27515
6.43445
7.27364
7.829
7.774
7.74858
7.74899
7.69668
7.59533
7.35765
7.11054
6.90642
6.57713
6.45403
6.34719
6.27357
6.27283
6.28378
6.31103
6.34293
6.3564
6.3824
6.44005
6.51577
6.57412
6.58878
6.59524
6.59555
6.56153
6.49111
6.45059
6.449
6.48921
6.60443
6.70024
6.7107
6.69618
6.67267
6.63466
6.57553
6.51344
6.48168
6.47454
6.5059
6.62061
6.69768
6.70438
6.69162
6.66841
6.65699
6.63087
6.5795
6.48034
6.36264
6.33679
6.33242
6.34001
6.37731
6.40274
6.39636
1
1
1
1
1
1
1
1
1
1
1
1
1
1
1
1
1
0.998414
1.01738
1.0745
1.33091
1.99477
2.81953
4.1245
5.07457
5.88899
6.88483
6.97099
7.08938
7.03014
6.80546
6.78309
6.85859
6.88801
6.88803
6.83366
6.73306
6.65262
6.56263
6.42405
6.2529
6.23422
6.24791
6.30106
6.41994
6.54574
6.59205
6.60188
6.5915
6.53343
6.46232
6.42972
6.43865
6.50266
6.63301
6.73453
6.76093
6.75201
6.71041
6.63226
6.54461
6.47491
6.44909
6.45923
6.52602
6.64405
6.71599
6.73869
6.73199
6.68934
6.62479
6.5716
6.48317
6.36722
6.33495
6.3228
6.32872
6.35301
6.36453
6.36358
1
1
1
1
1
1
1
1
1
1
1
1
1
1
1
1
1
1
1
1
1
0.999878
0.997409
1.09119
1.5012
1.98967
2.90959
4.11384
5.15514
6.40102
6.70765
6.98949
7.26695
7.1968
7.18633
7.21267
7.16665
7.05448
6.84575
6.57086
6.34215
6.29063
6.28897
6.31559
6.37671
6.45426
6.528
6.54984
6.54446
6.53451
6.50314
6.46012
6.47066
6.50911
6.54828
6.5982
6.65524
6.6837
6.68865
6.66143
6.59503
6.54328
6.5147
6.50819
6.52232
6.56285
6.6225
6.6736
6.68817
6.66603
6.62203
6.58664
6.5129
6.39641
6.3448
6.33093
6.33493
6.34195
6.34861
6.34882
1
1
1
1
1
1
1
1
1
1
1
1
1
1
1
1
1
1
1
1
1
1
1
0.999999
1
0.99858
1.00834
1.19334
1.4512
2.00781
3.10334
4.17545
5.34546
5.76481
6.18034
6.63427
6.67864
6.73513
6.77664
6.81073
6.71581
6.59202
6.55228
6.50853
6.46483
6.45408
6.47715
6.49483
6.49928
6.49578
6.4786
6.45389
6.48223
6.51752
6.52499
6.51751
6.52148
6.56735
6.63463
6.67279
6.67935
6.67908
6.6725
6.64756
6.59968
6.57865
6.57311
6.57005
6.57936
6.60065
6.61894
6.60759
6.54866
6.45925
6.39115
6.349
6.32679
6.31668
6.31448
6.32397
1
1
1
1
1
1
1
1
1
1
1
1
1
1
1
1
1
1
1
1
1
1
1
1
1
1
0.999998
1
1
0.998384
1.03336
1.14619
1.49958
2.37576
3.26358
4.36407
5.14534
5.83675
6.65213
6.81083
6.89509
6.89642
6.85762
6.76138
6.58803
6.38979
6.35506
6.39025
6.45509
6.47532
6.48892
6.5223
6.50746
6.48747
6.46943
6.43894
6.41515
6.42706
6.48814
6.59478
6.69453
6.74426
6.7607
6.76065
6.72821
6.58994
6.50714
6.49748
6.50674
6.54972
6.62184
6.62781
6.58284
6.51279
6.44923
6.3798
6.31508
6.2891
6.28326
6.29841
1
1
1
1
1
1
1
1
1
1
1
1
1
1
1
1
1
1
1
1
1
1
1
1
1
1
1
1
1
1
1
1
0.999864
1.00118
1.0272
1.20596
1.84683
2.53471
3.56335
4.4625
5.38956
6.31581
6.47461
6.49349
6.44638
6.38861
6.37535
6.4595
6.51675
6.5166
6.53768
6.57501
6.62732
6.63351
6.60674
6.53502
6.41603
6.37476
6.4043
6.46231
6.5676
6.71697
6.76806
6.7689
6.74789
6.6772
6.55052
6.51593
6.52619
6.56405
6.60063
6.61183
6.58569
6.53002
6.46558
6.37527
6.30094
6.28054
6.27913
6.30199
1
1
1
1
1
1
1
1
1
1
1
1
1
1
1
1
1
1
1
1
1
1
1
1
1
1
1
1
1
1
1
1
1
1
1
1
0.999631
1.00045
1.09026
1.48286
2.05009
3.08395
4.05626
5.10617
6.10599
6.29267
6.5316
6.60607
6.58795
6.496
6.47226
6.54177
6.64283
6.67068
6.65308
6.61737
6.56001
6.45948
6.39718
6.39428
6.43875
6.56088
6.68503
6.71011
6.70632
6.67094
6.62361
6.59872
6.59742
6.59711
6.58563
6.55993
6.53287
6.48979
6.44129
6.4033
6.35836
6.3052
6.29473
6.31007
1
1
1
1
1
1
1
1
1
1
1
1
1
1
1
1
1
1
1
1
1
1
1
1
1
1
1
1
1
1
1
1
1
1
1
1
1
1
1
0.999986
0.998177
1.04513
1.32389
1.73617
2.63187
3.69624
4.83762
5.87016
6.00856
6.03222
6.05193
6.10899
6.37909
6.66422
6.69338
6.69451
6.70521
6.67042
6.60096
6.50556
6.46323
6.47463
6.5437
6.56599
6.56371
6.57378
6.62252
6.67224
6.67935
6.66325
6.60238
6.52855
6.45111
6.40063
6.39095
6.39295
6.39671
6.3754
6.31965
6.30815
1
1
1
1
1
1
1
1
1
1
1
1
1
1
1
1
1
1
1
1
1
1
1
1
1
1
1
1
1
1
1
1
1
1
1
1
1
1
1
1
1
0.999998
1
0.998665
1.02048
1.20477
1.53518
2.33956
3.38377
4.76949
5.58392
5.64688
5.98278
6.43046
6.55971
6.6018
6.65219
6.68886
6.67678
6.61579
6.56339
6.54437
6.53024
6.51053
6.48772
6.49708
6.54613
6.64468
6.69369
6.6862
6.62677
6.4969
6.36727
6.32885
6.3284
6.34474
6.38881
6.40336
6.3876
6.324
1
1
1
1
1
1
1
1
1
1
1
1
1
1
1
1
1
1
1
1
1
1
1
1
1
1
1
1
1
1
1
1
1
1
1
1
1
1
1
1
1
1
1
1
0.999999
1
0.998978
1.01136
1.13031
1.44187
2.24035
3.3103
4.44554
5.52287
5.66509
5.89283
6.16374
6.46975
6.58615
6.59792
6.61904
6.68236
6.68636
6.64144
6.53469
6.45774
6.48523
6.58742
6.67624
6.67694
6.62642
6.48126
6.32404
6.28466
6.27952
6.28683
6.32547
6.41022
6.43599
6.39073
1
1
1
1
1
1
1
1
1
1
1
1
1
1
1
1
1
1
1
1
1
1
1
1
1
1
1
1
1
1
1
1
1
1
1
1
1
1
1
1
1
1
1
1
1
1
1
0.999999
1
0.999105
1.00943
1.13267
1.3761
2.10706
3.38673
4.67937
5.22616
5.71084
6.16288
6.32762
6.48735
6.61872
6.67608
6.67111
6.63388
6.54842
6.53494
6.58723
6.66973
6.70727
6.6747
6.57488
6.40951
6.2663
6.23939
6.24469
6.26846
6.32257
6.40211
6.41158
1
1
1
1
1
1
1
1
1
1
1
1
1
1
1
1
1
1
1
1
1
1
1
1
1
1
1
1
1
1
1
1
1
1
1
1
1
1
1
1
1
1
1
1
1
1
1
1
1
1
0.999999
1
0.999214
1.00631
1.15235
1.54142
2.36438
3.42206
4.99095
5.46731
5.72181
6.17683
6.52489
6.56657
6.55149
6.54705
6.57405
6.64798
6.72134
6.75076
6.72582
6.67045
6.58618
6.41309
6.25964
6.22132
6.22388
6.24322
6.28224
6.36288
1
1
1
1
1
1
1
1
1
1
1
1
1
1
1
1
1
1
1
1
1
1
1
1
1
1
1
1
1
1
1
1
1
1
1
1
1
1
1
1
1
1
1
1
1
1
1
1
1
1
1
1
1
1
1
0.998823
1.02628
1.14787
1.61925
2.84313
3.96389
5.23733
5.7811
5.99719
6.18357
6.35833
6.46495
6.55015
6.65079
6.69956
6.70411
6.68814
6.62629
6.52653
6.43653
6.33611
6.23956
6.20404
6.22035
6.30942
1
1
1
1
1
1
1
1
1
1
1
1
1
1
1
1
1
1
1
1
1
1
1
1
1
1
1
1
1
1
1
1
1
1
1
1
1
1
1
1
1
1
1
1
1
1
1
1
1
1
1
1
1
1
1
1
1
0.999839
0.999365
1.0927
1.37184
1.93377
3.10243
4.6875
6.0087
6.11667
6.16901
6.34368
6.39859
6.34812
6.31296
6.34966
6.40832
6.50208
6.51071
6.48434
6.42465
6.29651
6.23476
6.26112
1
1
1
1
1
1
1
1
1
1
1
1
1
1
1
1
1
1
1
1
1
1
1
1
1
1
1
1
1
1
1
1
1
1
1
1
1
1
1
1
1
1
1
1
1
1
1
1
1
1
1
1
1
1
1
1
1
1
1
0.999999
0.999456
1.00461
1.16624
1.69042
2.8843
4.18403
5.51159
6.40363
6.5122
6.36505
6.14509
6.07459
6.08028
6.21014
6.45669
6.52107
6.49486
6.39677
6.29036
6.25797
1
1
1
1
1
1
1
1
1
1
1
1
1
1
1
1
1
1
1
1
1
1
1
1
1
1
1
1
1
1
1
1
1
1
1
1
1
1
1
1
1
1
1
1
1
1
1
1
1
1
1
1
1
1
1
1
1
1
1
1
0.999996
0.999998
0.999677
1.00218
1.1129
1.50259
2.32239
3.74884
5.52481
6.32587
6.38693
6.31971
6.14799
6.06827
6.16479
6.40307
6.4351
6.38127
6.28494
6.24854
1
1
1
1
1
1
1
1
1
1
1
1
1
1
1
1
1
1
1
1
1
1
1
1
1
1
1
1
1
1
1
1
1
1
1
1
1
1
1
1
1
1
1
1
1
1
1
1
1
1
1
1
1
1
1
1
1
1
1
1
1
1
0.999996
0.999988
1.00003
1.00061
1.03298
1.31904
2.1896
3.85162
5.27986
6.18395
6.2416
6.08693
6.121
6.2422
6.33707
6.31469
6.2325
6.22288
1
1
1
1
1
1
1
1
1
1
1
1
1
1
1
1
1
1
1
1
1
1
1
1
1
1
1
1
1
1
1
1
1
1
1
1
1
1
1
1
1
1
1
1
1
1
1
1
1
1
1
1
1
1
1
1
1
1
1
1
1
1
1
1
0.999999
0.999999
0.99993
1.00025
1.02554
1.43857
2.43224
4.04515
5.12147
5.72984
6.04716
6.31224
6.35763
6.33821
6.22439
6.1322
1
1
1
1
1
1
1
1
1
1
1
1
1
1
1
1
1
1
1
1
1
1
1
1
1
1
1
1
1
1
1
1
1
1
1
1
1
1
1
1
1
1
1
1
1
1
1
1
1
1
1
1
1
1
1
1
1
1
1
1
1
1
1
1
1
1
0.999997
0.999996
0.999927
1.0019
1.06029
1.39411
2.44925
3.83012
4.61723
5.33027
6.06079
6.33643
6.33856
6.2247
1
1
1
1
1
1
1
1
1
1
1
1
1
1
1
1
1
1
1
1
1
1
1
1
1
1
1
1
1
1
1
1
1
1
1
1
1
1
1
1
1
1
1
1
1
1
1
1
1
1
1
1
1
1
1
1
1
1
1
1
1
1
1
1
1
1
1
1
0.999995
0.999996
0.999923
1.0016
1.05237
1.31332
2.08436
3.12862
4.1713
5.36218
6.25591
6.28814
1
1
1
1
1
1
1
1
1
1
1
1
1
1
1
1
1
1
1
1
1
1
1
1
1
1
1
1
1
1
1
1
1
1
1
1
1
1
1
1
1
1
1
1
1
1
1
1
1
1
1
1
1
1
1
1
1
1
1
1
1
1
1
1
1
1
1
1
1
1
0.999996
0.999997
0.999949
1.001
1.02341
1.1653
1.8027
2.93176
4.27977
5.58831
1
1
1
1
1
1
1
1
1
1
1
1
1
1
1
1
1
1
1
1
1
1
1
1
1
1
1
1
1
1
1
1
1
1
1
1
1
1
1
1
1
1
1
1
1
1
1
1
1
1
1
1
1
1
1
1
1
1
1
1
1
1
1
1
1
1
1
1
1
1
1
1
0.999997
0.999998
0.999974
1.00026
1.01415
1.15779
1.64129
3.47975
1
1
1
1
1
1
1
1
1
1
1
1
1
1
1
1
1
1
1
1
1
1
1
1
1
1
1
1
1
1
1
1
1
1
1
1
1
1
1
1
1
1
1
1
1
1
1
1
1
1
1
1
1
1
1
1
1
1
1
1
1
1
1
1
1
1
1
1
1
1
1
1
1
1
0.999999
0.999999
0.999983
1.00031
1.00797
1.43153
1
1
1
1
1
1
1
1
1
1
1
1
1
1
1
1
1
1
1
1
1
1
1
1
1
1
1
1
1
1
1
1
1
1
1
1
1
1
1
1
1
1
1
1
1
1
1
1
1
1
1
1
1
1
1
1
1
1
1
1
1
1
1
1
1
1
1
1
1
1
1
1
1
1
1
1
0.999999
1
0.999998
1.00847
1
1
1
1
1
1
1
1
1
1
1
1
1
1
1
1
1
1
1
1
1
1
1
1
1
1
1
1
1
1
1
1
1
1
1
1
1
1
1
1
1
1
1
1
1
1
1
1
1
1
1
1
1
1
1
1
1
1
1
1
1
1
1
1
1
1
1
1
1
1
1
1
1
1
1
1
1
1
1
1.00001
1
1
1
1
1
1
1
1
1
1
1
1
1
1
1
1
1
1
1
1
1
1
1
1
1
1
1
1
1
1
1
1
1
1
1
1
1
1
1
1
1
1
1
1
1
1
1
1
1
1
1
1
1
1
1
1
1
1
1
1
1
1
1
1
1
1
1
1
1
1
1
1
1
1
1
1
1
1
1
1
1
1
1
1
1
1
1
1
1
1
1
1
1
1
1
1
1
1
1
1
1
1
1
1
1
1
1
1
1
1
1
1
1
1
1
1
1
1
1
1
1
1
1
1
1
1
1
1
1
1
1
1
1
1
1
1
1
1
1
1
1
1
1
1
1
1
1
1
1
1
1
1
1
1
1
1
1
1
1
1
1
1
1
1
1
1
1
1
1
1
1
1
1
1
1
1
1
1
1
1
1
1
1
1
1
1
1
1
1
1
1
1
1
1
1
1
1
1
1
1
1
1
1
1
1
1
1
1
1
1
1
1
1
1
1
1
1
1
1
1
1
1
1
1
1
1
1
1
1
1
1
1
1
1
1
1
1
1
1
1
1
1
1
1
1
1
1
1
1
1
1
1
1
1
1
1
1
1
1
1
1
1
1
1
1
1
1
1
1
1
1
1
1
1
1
1
1
1
1
1
1
1
1
1
1
1
1
1
1
1
1
1
1
1
1
1
1
1
1
1
1
1
1
1
1
1
1
1
1
1
1
1
1
1
1
1
1
1
1
1
1
1
1
1
1
1
1
1
1
1
1
1
1
1
1
1
1
1
1
1
1
1
1
1
1
1
1
1
1
1
1
1
1
1
1
1
1
1
1
1
1
1
1
1
1
1
1
1
1
1
1
1
1
1
1
1
1
1
1
1
1
1
1
1
1
1
1
1
1
1
1
1
1
1
1
1
1
1
1
1
1
1
1
1
1
1
1
1
1
1
1
1
1
1
1
1
1
1
1
1
1
1
1
1
1
1
1
1
1
1
1
1
1
1
1
1
1
1
1
1
1
1
1
1
1
1
1
1
1
1
1
1
1
1
1
1
1
1
1
1
1
1
1
1
1
1
1
1
1
1
1
1
1
1
1
1
1
1
1
1
1
1
1
1
1
1
1
1
1
1
1
1
1
1
1
1
1
1
1
1
1
1
1
1
1
1
1
1
1
1
1
1
1
1
1
1
1
1
1
1
1
1
1
1
1
1
1
1
1
1
1
1
1
1
1
1
1
1
1
1
1
1
1
1
1
1
1
1
1
1
1
1
1
1
1
1
1
1
1
1
1
1
1
1
1
1
1
1
1
1
1
1
1
1
1
1
1
1
1
1
1
1
1
1
1
1
1
1
1
1
1
1
1
1
1
1
1
1
1
1
1
1
1
1
1
1
1
1
1
1
1
1
1
1
1
1
1
1
1
1
1
1
1
1
1
1
1
1
1
1
1
1
1
1
1
1
1
1
1
1
1
1
1
1
1
1
1
1
1
1
1
1
1
1
1
1
1
1
1
1
1
1
1
1
1
1
1
1
1
1
1
1
1
1
1
1
1
1
1
1
1
1
1
1
1
1
1
1
1
1
1
1
1
1
1
1
1
1
1
1
1
1
1
1
1
1
1
1
1
1
1
1
1
1
1
1
1
1
1
1
1
1
1
1
1
1
1
1
1
1
1
1
1
1
1
1
1
1
1
1
1
1
1
1
1
1
1
1
1
1
1
1
1
1
1
1
1
1
1
1
1
1
1
1
1
1
1
1
1
1
1
1
1
1
1
1
1
1
1
1
1
1
1
1
1
1
1
1
1
1
1
1
1
1
1
1
1
1
1
1
1
1
1
1
1
1
1
1
1
1
1
1
1
1
1
1
1
1
1
1
1
1
1
1
1
1
1
1
1
1
1
1
1
1
1
1
1
1
1
1
1
1
1
1
1
1
1
1
1
1
1
1
1
1
1
1
1
1
1
1
1
1
1
1
1
1
1
1
1
1
1
1
1
1
1
1
1
1
1
1
1
1
1
1
1
1
1
1
1
1
1
1
1
1
1
1
1
1
1
1
1
1
1
1
1
1
1
1
1
1
1
1
1
1
1
1
1
1
1
1
1
1
1
1
1
1
1
1
1
1
1
1
1
1
1
1
1
1
1
1
1
1
1
1
1
1
1
1
1
1
1
1
1
1
1
1
1
1
1
1
1
1
1
1
1
1
1
1
1
1
1
1
1
1
1
1
1
1
1
1
1
1
1
1
1
1
1
1
1
1
1
1
1
1
1
1
1
1
1
1
1
1
1
1
1
1
1
1
1
1
1
1
1
1
1
1
1
1
1
1
1
1
1
1
1
1
1
1
1
1
1
1
1
1
1
1
1
1
1
1
)
;

boundaryField
{
    inlet
    {
        type            fixedValue;
        value           uniform 1;
    }
    outlet
    {
        type            zeroGradient;
    }
    bottom
    {
        type            symmetryPlane;
    }
    top
    {
        type            symmetryPlane;
    }
    obstacle
    {
        type            zeroGradient;
    }
    defaultFaces
    {
        type            empty;
    }
}


// ************************************************************************* //
