/*--------------------------------*- C++ -*----------------------------------*\
| =========                 |                                                 |
| \\      /  F ield         | OpenFOAM: The Open Source CFD Toolbox           |
|  \\    /   O peration     | Version:  2206                                  |
|   \\  /    A nd           | Website:  www.openfoam.com                      |
|    \\/     M anipulation  |                                                 |
\*---------------------------------------------------------------------------*/
FoamFile
{
    version     2.0;
    format      ascii;
    arch        "LSB;label=32;scalar=64";
    class       volScalarField;
    location    "0.2";
    object      p;
}
// * * * * * * * * * * * * * * * * * * * * * * * * * * * * * * * * * * * * * //

dimensions      [1 -1 -2 0 0 0 0];

internalField   nonuniform List<scalar> 
4800
(
1
1
1
1
1
1
1
1
1
1
1
1
1
1
1
1
1
1
1
1
1
1
1
1
1
1
1
1
1
1
1
1
1
1
1
1
1
1
1
1
1
1
1
1
1
1
1
1
1
1
1
1
1
1
1
1
1
1
1
1
1
1
1
1
1
1
1
1
1
1
1
1
1
1
1
1
1
1
1
1
1
1
1
1
1
1
1
1
1
1
1
1
1
1
1
1
1
1
1
1
1
1
1
1
1
1
1
1
1
1
1
1
1
1
1
1
1
1
1
1
1
1
1
1
1
1
1
1
1
1
1
1
1
1
1
1
1
1
1
1
1
1
1
1
1
1
1
1
1
1
1
1
1
1
1
1
1
1
1
1
1
1
1
1
1
1
1
1
1
1
1
1
1
1
1
1
1
1
1
1
1
1
1
1
1
1
1
1
1
1
1
1
1
1
1
1
1
1
1
1
1
1
1
1
1
1
1
1
1
1
1
1
1
1
1
1
1
1
1
1
1
1
1
1
1
1
1
1
1
1
1
1
1
1
1
1
1
1
1
1
1
1
1
1
1
1
1
1
1
1
1
1
1
1
1
1
1
1
1
1
1
1
1
1
1
1
1
1
1
1
1
1
1
1
1
1
1
1
1
1
1
1
1
1
1
1
1
1
1
1
1
1
1
1
1
1
1
1
1
1
1
1
1
1
1
1
1
1
1
1
1
1
1
1
1
1
1
1
1
1
1
1
1
1
1
1
1
1
1
1
1
1
1
1
1
1
1
1
1
1
1
1
1
1
1
1
1
1
1
1
1
1
1
1
1
1
1
1
1
1
1
1
1
1
1
1
1
1
1
1
1
1
1
1
1
1
1
1
1
1
1
1
1
1
1
1
1
1
1
1
1
1
1
1
1
1
1
1
1
1
1
1
1
1
1
1
1
1
1
1
1
1
1
1
1
1
1
1
1
1
1
1
1
1
1
1
1
1
1
1
1
1
1
1
1
1
1
1
1
1
1
1
1
1
1
1
1
1
1
1
1
1
1
1
1
1
1
1
1
1
1
1
1
1
1
1
1
1
1
1
1
1
1
1
1
1
1
1
1
1
1
1
1
1
1
1
1
1
1
1
1
1
1
1
1
1
1
1
1
1
1
1
1
1
1
1
1
1
1
1
1
1
1
1
1
1
1
1
1
1
1
1
1
1
1
1
1
1
1
1
1
1
1
1
1
1
1
1
1
1
1
1
1
1
1
1
1
1
1
1
1
1
1
1
1
1
1
1
1
1
1
1
1
1
1
1
1
1
1
1
1
1
1
1
1
1
1
1
1
1
1
1
1
1
1
1
1
1
1
1
1
1
1
1
1
1
1
1
1
1
1
1
1
1
1
1
1
1
1
1
1
1
1
1
1
1
1
1
1
1
1
1
1
1
1
1
1
1
1
1
1
1
1
1
1
1
1
1
1
1
1
1
1
1
1
1
1
1
1
1
1
1
1
1
1
1
1
1
1
1
1
1
1
1
1
1
1
1
1
1
1
1
1
1
1
1
1
1
1
1
1
1
1
1
1
1
1
1
1
1
1
1
1
1
1
1
1
1
1
1
1
1
1
1
1
1
1
1
1
1
1
1
1
1
1
1
1
1
1
1
1
1
1
1
1
1
1
1
1
1
1
1
1
1
1
1
1
1
1
1
1
1
1
1
1
1
1
1
1
1
1
1
1
1
1
1
1
1
1
1
1
1
1
1
1
1
1
1
1
1
1
1
1
1
1
1
1
1
1
1
1
1
1
1
1
1
1
1
1
1
1
1
1
1
1
1
1
1
1
1
1
1
1
1
1
1
1
1
1
1
1
1
1
1
1
1
1
1
1
1
1
1
1
1
1
1
1
1
1
1
1
1
1
1
1
1
1
1
1
1
1
1
1
1
1
1
1
1
1
1
1
1
1
1
1
1
1
1
1
1
1
1
1
1
1
1
1
1
1
1
1
1
1
1
1
1
1
1
1
1
1
1
1
1
1
1
1
1
1
1
1
1
1
1
1
1
1
1
1
1
1
1
1
1
1
1
1
1
1
1
1
1
1
1
1
1
1
1
1
1
1
1
1
1
1
1
1
1
1
1
1
1
1
1
1
1
1
1
1
1
1
1
1
1
1
1
1
1
1
1
1
1
1
1
1
1
1
1
1
1
1
1
1
1
1
1
1
1
1
1
1
1
1
1
1
1
1
1
1
1
1
1
1
1
1
1
1
1
1
1
1
1
1
1
1
1
1
1
1
1
1
1
1
1
1
1
1
1
1
1
1
1
1
1
1
1
1
1
1
1
1
1
1
1
1
1
1
1
1
1
1
1
1
1
1
1
1
1
1
1
1
1
1
1
1
1
1
1
1
1
1
1
1
1
1
1
1
1
1
1
1
1
1
1
1
1
1
1
1
1
1
1
1
1
1
1
1
1
1
1
1
1
1
1
1
1
1
1
1
1
1
1
1
1
1
1
1
1
1
1
1
1
1
1
1
1
1
1
1
1
1
1
1
1
1
1
1
1
1
1
1
1
1
1
1
1
1
1
1
1
1
1
1
1
1
1
1
1
1
1
1
1
1
1
1
1
1
1
1
1
1
1
1
1
1
1
1
1
1
1
1
1
1
1
1
1
1
1
1
1
1
1
1
1
1
1
1
1
1
1
1
1
1
1
1
1
1
1
1
1
1
1
1
1
1
1
1
1
1
1
1
1
1
1
1
1
1
1
1
1
1
1
1
1
1
1
1
1
1
1
1
1
1
1
1
1
1
1
1
1
1
1
1
1
1
1
1
1
1
1
1
1
1
1
1
1
1
1
1
1
1
1
1
1
1
1
1
1
1
1
1
1
1
1
1
1
1
1
1
1
1
1
1
1
1
1
1
1
1
1
1
1
1
1
1
1
1
1
1
1
1
1
1
1
1
1
1
1
1
1
1
1
1
1
1
1
1
1
1
1
1
1
1
1
1
1
1
1
1
1
1
1
1
1
1
1
1
1
1
1
1
1
1
1
1
1
1
1
1
1
1
1
1
1
1
1
1
1
1
1
1
1
1
1
1
1
1
1
1
1
1
1
1
1
1
1
1
1
1
1
1
1
1
1
1
1
1
1
1
1
1
1
1
1
1
1
1
1
1
1
1
1
1
1
1
1
1
1
1
1
1
1
1
1
1
1
1
1
1
1
1
1
1
1
1
1
1
1
1
1
1
1
1
1
1
1
1
1
1
1
1
1
1
1
1
1
1
1
1
1
1
1
1
1
1
1
1
1
1
1
1
1
1
1
1
1
1
1
1
1
1
1
1
1
1
1
1
1
1
1
1
1
1
1
1
1
1
1
1
1
1
1
1
1
1
1
1
1
1
1
1
1
1
1
1
1
1
1
1
1
1
1
1
1
1
1
1
1
1
1
1
1
1
1
1
1
1
1
1
1
1
1
1
1
1
1
1
1
1
1
1
1
1
1
1
1
1
1
1
1
1
1
1
1
1
1
1
1
1
1
1
1
1
1
1
1
1
1
1
1
1
1
1
1
1
1
1
1
1
1
1
1
1
1
1
1
1
1
1
1
1
1
1
1
1
1
1
1
1
1
1
1
1
1
1
1
1
1
1
1
1.25641
1.66149
2.15992
2.7126
3.30645
4.13322
4.9151
5.42304
5.99158
7.15722
8.12542
8.29243
8.45302
9.07079
9.64796
9.62667
9.485
9.40049
9.22333
8.83848
8.12811
7.21207
6.60927
6.43214
6.20768
5.85126
5.67611
5.69345
5.73663
5.72627
5.72675
5.80698
5.96051
6.13901
6.13373
6.09969
6.09582
6.11699
6.16378
6.22871
6.2872
6.31937
6.33138
6.33224
6.31967
6.27069
6.19579
6.16964
6.17238
6.21864
6.32848
6.39892
6.41483
6.40346
6.35216
6.2909
6.23734
6.19954
6.18911
6.20219
6.26377
6.36896
6.4369
6.45989
6.4548
6.41888
6.34893
6.24108
6.14964
6.1187
6.12717
6.18466
6.32372
6.47791
6.56307
6.57717
6.54932
6.46089
6.30403
6.17482
1
1
0.999999
0.999932
0.998538
0.995535
1.0852
1.31672
1.43268
1.60055
2.01158
2.62897
3.05165
3.46323
4.3013
4.92689
5.29138
5.78619
6.20343
6.42224
6.32665
6.49926
6.87137
7.02286
6.97092
6.77417
6.53344
6.47912
6.44292
6.35467
6.16821
6.1614
6.15411
6.12485
6.06519
6.01021
6.01543
6.06217
6.13052
6.16441
6.18102
6.20636
6.26331
6.30504
6.30618
6.28101
6.25028
6.24361
6.24472
6.25035
6.25375
6.26937
6.31316
6.3369
6.32973
6.30656
6.30516
6.30414
6.29992
6.29236
6.28385
6.27966
6.28769
6.32851
6.37131
6.3719
6.34251
6.32296
6.30475
6.26859
6.25323
6.26956
6.29682
6.31204
6.35366
6.40722
6.42187
6.39072
6.32586
6.31336
1
1
1
1
1
0.999999
0.999995
1
1
0.999975
0.999996
0.998327
1.00963
1.0373
1.17694
1.56795
1.90566
2.46383
3.41398
4.51312
5.89049
6.51628
7.3111
7.58596
7.54161
7.42622
7.28472
7.16128
7.03794
6.85309
6.61578
6.25836
6.20498
6.13781
6.02753
6.00829
6.02072
6.06716
6.13744
6.15141
6.1453
6.14666
6.17261
6.2049
6.23115
6.26552
6.29335
6.30389
6.31111
6.30507
6.26086
6.23626
6.23801
6.26374
6.31935
6.35276
6.35913
6.36347
6.36361
6.35412
6.31881
6.25143
6.21595
6.21157
6.23694
6.33019
6.39925
6.41517
6.41904
6.4113
6.37714
6.33332
6.28207
6.24475
6.22353
6.21929
6.2557
6.3347
6.3969
6.43213
1
1
1
1
1
1
1
1
1
1
1
1
1
1
1
1
0.999943
0.997912
1.03918
1.17806
1.71591
2.57573
3.53974
4.79068
5.5049
6.15571
6.62368
6.6909
6.7454
6.62933
6.59287
6.59229
6.62322
6.59501
6.41994
6.3144
6.32063
6.30811
6.28646
6.18339
6.03032
5.94419
5.94635
5.99225
6.09404
6.23525
6.33702
6.36286
6.36568
6.33814
6.25304
6.19346
6.17753
6.1826
6.22827
6.31963
6.39171
6.42047
6.42676
6.41421
6.35388
6.24126
6.16171
6.14995
6.16483
6.23746
6.37335
6.46628
6.48583
6.47645
6.448
6.3814
6.28037
6.20529
6.17484
6.17181
6.19221
6.26205
6.39997
6.49176
1
1
1
1
1
1
1
1
1
1
1
1
1
1
1
1
1
1
1
1
0.999998
0.999803
1.0296
1.28574
1.90834
2.57497
3.56753
4.53521
5.69022
6.56966
6.73977
6.99199
6.96491
6.84984
6.74786
6.69493
6.64474
6.55936
6.38947
6.24092
6.09171
6.01645
6.01508
6.0387
6.09727
6.20582
6.32584
6.34924
6.34285
6.3037
6.21962
6.17273
6.17275
6.18175
6.21691
6.28235
6.36884
6.4316
6.44329
6.42576
6.35042
6.24095
6.17992
6.16889
6.17648
6.20578
6.28057
6.3799
6.46454
6.49945
6.49084
6.4165
6.30344
6.23489
6.21461
6.21689
6.23197
6.24858
6.29769
6.41205
1
1
1
1
1
1
1
1
1
1
1
1
1
1
1
1
1
1
1
1
1
1
1
1
0.999901
0.99765
1.07829
1.39129
1.85041
2.83998
3.81629
4.95461
5.63036
5.87092
6.17906
6.24294
6.33173
6.44627
6.51342
6.46602
6.38812
6.31417
6.25642
6.20251
6.19246
6.19115
6.20277
6.18761
6.17406
6.17717
6.17654
6.17679
6.2026
6.23693
6.25566
6.26939
6.29542
6.33392
6.36329
6.36378
6.34354
6.32819
6.30252
6.25564
6.2389
6.25259
6.27152
6.28857
6.31265
6.34883
6.37767
6.38448
6.37854
6.36389
6.34357
6.32294
6.30306
6.3011
6.31579
6.33543
1
1
1
1
1
1
1
1
1
1
1
1
1
1
1
1
1
1
1
1
1
1
1
1
1
1
0.999999
1
0.998654
1.01879
1.14052
1.38649
2.09553
3.07548
4.07933
4.90167
5.54164
6.30441
6.5143
6.53241
6.55208
6.55109
6.51256
6.40959
6.19814
6.0825
6.07796
6.09332
6.12633
6.17211
6.24511
6.30077
6.31082
6.29106
6.23353
6.19588
6.18509
6.18815
6.21335
6.28973
6.36523
6.39847
6.4224
6.43246
6.41475
6.33178
6.25964
6.22227
6.20227
6.20044
6.22143
6.30276
6.40267
6.44332
6.46845
6.4734
6.45358
6.3977
6.33705
6.27859
1
1
1
1
1
1
1
1
1
1
1
1
1
1
1
1
1
1
1
1
1
1
1
1
1
1
1
1
1
1
1
1
0.998623
1.03695
1.15638
1.70399
2.45603
3.44087
4.345
4.96803
5.69925
6.19059
6.27648
6.24386
6.20683
6.14744
6.12777
6.11867
6.13871
6.2096
6.33323
6.38032
6.37116
6.34756
6.26863
6.13255
6.08926
6.09688
6.1279
6.19244
6.30281
6.40331
6.45929
6.49191
6.4968
6.46292
6.32811
6.20185
6.17003
6.1697
6.17649
6.20944
6.3232
6.46475
6.50809
6.50946
6.49121
6.42984
6.28798
6.21619
1
1
1
1
1
1
1
1
1
1
1
1
1
1
1
1
1
1
1
1
1
1
1
1
1
1
1
1
1
1
1
1
1
1
1
0.999231
1.00469
1.06519
1.42931
1.96912
2.7547
3.79927
4.83896
5.85613
6.07411
6.28487
6.31667
6.25714
6.18398
6.21223
6.3107
6.36626
6.36285
6.32562
6.27541
6.2046
6.13129
6.11722
6.12151
6.14147
6.17354
6.24723
6.35786
6.45955
6.48622
6.47582
6.44708
6.3706
6.26898
6.1956
6.18298
6.20366
6.24966
6.33793
6.43759
6.4677
6.46053
6.41371
6.35135
6.30114
1
1
1
1
1
1
1
1
1
1
1
1
1
1
1
1
1
1
1
1
1
1
1
1
1
1
1
1
1
1
1
1
1
1
1
1
1
1
0.999995
0.998383
1.02592
1.29007
1.72211
2.54874
3.51999
4.56436
5.52206
5.6981
5.8089
5.8432
5.95311
6.16349
6.23752
6.25935
6.31305
6.35351
6.34675
6.33052
6.29935
6.21678
6.13305
6.13621
6.16919
6.24134
6.35295
6.42128
6.42506
6.43311
6.4416
6.40203
6.29822
6.23961
6.23855
6.2645
6.30879
6.31843
6.3147
6.31581
6.34537
6.36365
1
1
1
1
1
1
1
1
1
1
1
1
1
1
1
1
1
1
1
1
1
1
1
1
1
1
1
1
1
1
1
1
1
1
1
1
1
1
1
1
1
1
0.998712
1.0196
1.18717
1.46377
2.20566
3.31341
4.67786
5.27368
5.63416
6.04823
6.12959
6.17368
6.24345
6.33277
6.44263
6.48122
6.46592
6.39864
6.24994
6.09439
6.07756
6.10272
6.1547
6.21424
6.33129
6.44876
6.48507
6.47863
6.44503
6.39183
6.34789
6.3171
6.27755
6.24006
6.22081
6.22532
6.25829
6.3524
1
1
1
1
1
1
1
1
1
1
1
1
1
1
1
1
1
1
1
1
1
1
1
1
1
1
1
1
1
1
1
1
1
1
1
1
1
1
1
1
1
1
1
0.999999
1
0.999106
1.01218
1.15207
1.48602
2.29179
3.2135
4.46668
5.07698
5.39611
5.62187
5.87426
6.27298
6.42818
6.4404
6.42881
6.38279
6.29864
6.21921
6.16755
6.13435
6.13125
6.16535
6.24204
6.35172
6.42411
6.44013
6.45603
6.47933
6.46847
6.3985
6.25733
6.18833
6.19175
6.22739
6.3113
1
1
1
1
1
1
1
1
1
1
1
1
1
1
1
1
1
1
1
1
1
1
1
1
1
1
1
1
1
1
1
1
1
1
1
1
1
1
1
1
1
1
1
1
1
1
1
1
0.999011
1.01791
1.10252
1.37573
2.21636
3.37332
4.48503
4.97506
5.52015
6.02343
6.26816
6.31622
6.32188
6.37265
6.42188
6.38585
6.31671
6.22815
6.16171
6.18486
6.22002
6.23435
6.27627
6.37438
6.45226
6.46099
6.44637
6.39026
6.29209
6.24339
6.241
6.28849
1
1
1
1
1
1
1
1
1
1
1
1
1
1
1
1
1
1
1
1
1
1
1
1
1
1
1
1
1
1
1
1
1
1
1
1
1
1
1
1
1
1
1
1
1
1
1
1
1
1
1
0.999142
1.02161
1.11881
1.54683
2.53457
3.62785
4.67607
5.3002
5.59034
5.78275
6.15292
6.40414
6.4388
6.43366
6.43941
6.41301
6.30206
6.17681
6.12378
6.11901
6.16528
6.28336
6.41536
6.44492
6.42644
6.38927
6.39704
6.40979
6.39459
1
1
1
1
1
1
1
1
1
1
1
1
1
1
1
1
1
1
1
1
1
1
1
1
1
1
1
1
1
1
1
1
1
1
1
1
1
1
1
1
1
1
1
1
1
1
1
1
1
1
1
1
1
0.999799
0.999694
1.04607
1.18779
1.72728
2.8437
4.22878
4.75409
5.27951
5.98552
6.32711
6.39085
6.42963
6.4696
6.48675
6.40663
6.26386
6.14516
6.14882
6.21436
6.27756
6.28087
6.28935
6.33416
6.41123
6.47114
6.46401
1
1
1
1
1
1
1
1
1
1
1
1
1
1
1
1
1
1
1
1
1
1
1
1
1
1
1
1
1
1
1
1
1
1
1
1
1
1
1
1
1
1
1
1
1
1
1
1
1
1
1
1
1
1
1
1
0.999572
1.00358
1.05568
1.43871
2.38459
3.37311
4.5498
5.39828
5.69268
5.9094
6.29379
6.42257
6.42653
6.40019
6.39123
6.36723
6.33373
6.26157
6.18712
6.16729
6.17943
6.25516
6.4102
6.44941
1
1
1
1
1
1
1
1
1
1
1
1
1
1
1
1
1
1
1
1
1
1
1
1
1
1
1
1
1
1
1
1
1
1
1
1
1
1
1
1
1
1
1
1
1
1
1
1
1
1
1
1
1
1
1
1
0.999999
0.999997
0.999856
1.00031
1.04026
1.16829
1.73442
3.15256
4.59738
5.01685
5.4985
6.11673
6.28445
6.31782
6.39449
6.51109
6.5621
6.50639
6.36878
6.20391
6.16263
6.21138
6.27146
6.30132
1
1
1
1
1
1
1
1
1
1
1
1
1
1
1
1
1
1
1
1
1
1
1
1
1
1
1
1
1
1
1
1
1
1
1
1
1
1
1
1
1
1
1
1
1
1
1
1
1
1
1
1
1
1
1
1
1
1
0.999998
0.999996
1.00001
0.999734
1.00806
1.10929
1.76134
2.82824
3.78217
5.14764
5.60403
5.71011
5.91055
6.31631
6.48605
6.47404
6.43007
6.39909
6.38422
6.34547
6.25984
6.2122
1
1
1
1
1
1
1
1
1
1
1
1
1
1
1
1
1
1
1
1
1
1
1
1
1
1
1
1
1
1
1
1
1
1
1
1
1
1
1
1
1
1
1
1
1
1
1
1
1
1
1
1
1
1
1
1
1
1
1
1
1
0.999993
0.999998
0.999808
1.00908
1.09984
1.32955
2.19552
4.2561
5.17491
5.50139
5.89823
6.27747
6.22413
6.21945
6.34733
6.48825
6.53342
6.50478
6.36895
1
1
1
1
1
1
1
1
1
1
1
1
1
1
1
1
1
1
1
1
1
1
1
1
1
1
1
1
1
1
1
1
1
1
1
1
1
1
1
1
1
1
1
1
1
1
1
1
1
1
1
1
1
1
1
1
1
1
1
1
1
1
1
0.999993
0.999999
0.999908
1.00093
1.03348
1.45821
2.87661
4.10757
5.28801
5.95072
5.87462
5.77592
5.84509
6.07726
6.41655
6.55576
6.51036
1
1
1
1
1
1
1
1
1
1
1
1
1
1
1
1
1
1
1
1
1
1
1
1
1
1
1
1
1
1
1
1
1
1
1
1
1
1
1
1
1
1
1
1
1
1
1
1
1
1
1
1
1
1
1
1
1
1
1
1
1
1
1
1
1
0.999995
0.999995
0.999929
1.00402
1.16629
1.55085
2.29806
3.83546
5.74098
5.95581
5.73781
5.76455
6.11099
6.44795
6.48945
1
1
1
1
1
1
1
1
1
1
1
1
1
1
1
1
1
1
1
1
1
1
1
1
1
1
1
1
1
1
1
1
1
1
1
1
1
1
1
1
1
1
1
1
1
1
1
1
1
1
1
1
1
1
1
1
1
1
1
1
1
1
1
1
1
1
1
0.999995
0.999988
1.0002
1.00372
1.04798
1.36201
2.91556
4.84558
5.54526
5.96484
6.21414
6.20589
6.12611
1
1
1
1
1
1
1
1
1
1
1
1
1
1
1
1
1
1
1
1
1
1
1
1
1
1
1
1
1
1
1
1
1
1
1
1
1
1
1
1
1
1
1
1
1
1
1
1
1
1
1
1
1
1
1
1
1
1
1
1
1
1
1
1
1
1
1
1
1
1
0.999999
0.999945
1.00447
1.14411
2.05909
3.50264
4.97014
6.10955
6.2029
6.00037
1
1
1
1
1
1
1
1
1
1
1
1
1
1
1
1
1
1
1
1
1
1
1
1
1
1
1
1
1
1
1
1
1
1
1
1
1
1
1
1
1
1
1
1
1
1
1
1
1
1
1
1
1
1
1
1
1
1
1
1
1
1
1
1
1
1
1
1
1
1
1
0.999998
0.999982
1.0004
1.03922
1.38704
2.10327
3.69637
5.58941
6.11561
1
1
1
1
1
1
1
1
1
1
1
1
1
1
1
1
1
1
1
1
1
1
1
1
1
1
1
1
1
1
1
1
1
1
1
1
1
1
1
1
1
1
1
1
1
1
1
1
1
1
1
1
1
1
1
1
1
1
1
1
1
1
1
1
1
1
1
1
1
1
1
1
0.999997
0.999997
0.999979
1.00258
1.04112
1.34896
2.66848
5.18997
1
1
1
1
1
1
1
1
1
1
1
1
1
1
1
1
1
1
1
1
1
1
1
1
1
1
1
1
1
1
1
1
1
1
1
1
1
1
1
1
1
1
1
1
1
1
1
1
1
1
1
1
1
1
1
1
1
1
1
1
1
1
1
1
1
1
1
1
1
1
1
1
1
1
0.999995
0.999997
0.999977
1.0048
1.14228
3.05419
1
1
1
1
1
1
1
1
1
1
1
1
1
1
1
1
1
1
1
1
1
1
1
1
1
1
1
1
1
1
1
1
1
1
1
1
1
1
1
1
1
1
1
1
1
1
1
1
1
1
1
1
1
1
1
1
1
1
1
1
1
1
1
1
1
1
1
1
1
1
1
1
1
1
1
1
0.999998
0.99999
1.00145
1.40274
1
1
1
1
1
1
1
1
1
1
1
1
1
1
1
1
1
1
1
1
1
1
1
1
1
1
1
1
1
1
1
1
1
1
1
1
1
1
1
1
1
1
1
1
1
1
1
1
1
1
1
1
1
1
1
1
1
1
1
1
1
1
1
1
1
1
1
1
1
1
1
1
1
1
1
1
1
0.999998
1
1.01769
1
1
1
1
1
1
1
1
1
1
1
1
1
1
1
1
1
1
1
1
1
1
1
1
1
1
1
1
1
1
1
1
1
1
1
1
1
1
1
1
1
1
1
1
1
1
1
1
1
1
1
1
1
1
1
1
1
1
1
1
1
1
1
1
1
1
1
1
1
1
1
1
1
1
1
1
1
1
1
1.00016
1
1
1
1
1
1
1
1
1
1
1
1
1
1
1
1
1
1
1
1
1
1
1
1
1
1
1
1
1
1
1
1
1
1
1
1
1
1
1
1
1
1
1
1
1
1
1
1
1
1
1
1
1
1
1
1
1
1
1
1
1
1
1
1
1
1
1
1
1
1
1
1
1
1
1
1
1
1
1
1
1
1
1
1
1
1
1
1
1
1
1
1
1
1
1
1
1
1
1
1
1
1
1
1
1
1
1
1
1
1
1
1
1
1
1
1
1
1
1
1
1
1
1
1
1
1
1
1
1
1
1
1
1
1
1
1
1
1
1
1
1
1
1
1
1
1
1
1
1
1
1
1
1
1
1
1
1
1
1
1
1
1
1
1
1
1
1
1
1
1
1
1
1
1
1
1
1
1
1
1
1
1
1
1
1
1
1
1
1
1
1
1
1
1
1
1
1
1
1
1
1
1
1
1
1
1
1
1
1
1
1
1
1
1
1
1
1
1
1
1
1
1
1
1
1
1
1
1
1
1
1
1
1
1
1
1
1
1
1
1
1
1
1
1
1
1
1
1
1
1
1
1
1
1
1
1
1
1
1
1
1
1
1
1
1
1
1
1
1
1
1
1
1
1
1
1
1
1
1
1
1
1
1
1
1
1
1
1
1
1
1
1
1
1
1
1
1
1
1
1
1
1
1
1
1
1
1
1
1
1
1
1
1
1
1
1
1
1
1
1
1
1
1
1
1
1
1
1
1
1
1
1
1
1
1
1
1
1
1
1
1
1
1
1
1
1
1
1
1
1
1
1
1
1
1
1
1
1
1
1
1
1
1
1
1
1
1
1
1
1
1
1
1
1
1
1
1
1
1
1
1
1
1
1
1
1
1
1
1
1
1
1
1
1
1
1
1
1
1
1
1
1
1
1
1
1
1
1
1
1
1
1
1
1
1
1
1
1
1
1
1
1
1
1
1
1
1
1
1
1
1
1
1
1
1
1
1
1
1
1
1
1
1
1
1
1
1
1
1
1
1
1
1
1
1
1
1
1
1
1
1
1
1
1
1
1
1
1
1
1
1
1
1
1
1
1
1
1
1
1
1
1
1
1
1
1
1
1
1
1
1
1
1
1
1
1
1
1
1
1
1
1
1
1
1
1
1
1
1
1
1
1
1
1
1
1
1
1
1
1
1
1
1
1
1
1
1
1
1
1
1
1
1
1
1
1
1
1
1
1
1
1
1
1
1
1
1
1
1
1
1
1
1
1
1
1
1
1
1
1
1
1
1
1
1
1
1
1
1
1
1
1
1
1
1
1
1
1
1
1
1
1
1
1
1
1
1
1
1
1
1
1
1
1
1
1
1
1
1
1
1
1
1
1
1
1
1
1
1
1
1
1
1
1
1
1
1
1
1
1
1
1
1
1
1
1
1
1
1
1
1
1
1
1
1
1
1
1
1
1
1
1
1
1
1
1
1
1
1
1
1
1
1
1
1
1
1
1
1
1
1
1
1
1
1
1
1
1
1
1
1
1
1
1
1
1
1
1
1
1
1
1
1
1
1
1
1
1
1
1
1
1
1
1
1
1
1
1
1
1
1
1
1
1
1
1
1
1
1
1
1
1
1
1
1
1
1
1
1
1
1
1
1
1
1
1
1
1
1
1
1
1
1
1
1
1
1
1
1
1
1
1
1
1
1
1
1
1
1
1
1
1
1
1
1
1
1
1
1
1
1
1
1
1
1
1
1
1
1
1
1
1
1
1
1
1
1
1
1
1
1
1
1
1
1
1
1
1
1
1
1
1
1
1
1
1
1
1
1
1
1
1
1
1
1
1
1
1
1
1
1
1
1
1
1
1
1
1
1
1
1
1
1
1
1
1
1
1
1
1
1
1
1
1
1
1
1
1
1
1
1
1
1
1
1
1
1
1
1
1
1
1
1
1
1
1
1
1
1
1
1
1
1
1
1
1
1
1
1
1
1
1
1
1
1
1
1
1
1
1
)
;

boundaryField
{
    inlet
    {
        type            fixedValue;
        value           uniform 1;
    }
    outlet
    {
        type            zeroGradient;
    }
    bottom
    {
        type            symmetryPlane;
    }
    top
    {
        type            symmetryPlane;
    }
    obstacle
    {
        type            zeroGradient;
    }
    defaultFaces
    {
        type            empty;
    }
}


// ************************************************************************* //
