/*--------------------------------*- C++ -*----------------------------------*\
| =========                 |                                                 |
| \\      /  F ield         | OpenFOAM: The Open Source CFD Toolbox           |
|  \\    /   O peration     | Version:  2206                                  |
|   \\  /    A nd           | Website:  www.openfoam.com                      |
|    \\/     M anipulation  |                                                 |
\*---------------------------------------------------------------------------*/
FoamFile
{
    version     2.0;
    format      ascii;
    arch        "LSB;label=32;scalar=64";
    class       volScalarField;
    location    "0.08";
    object      T;
}
// * * * * * * * * * * * * * * * * * * * * * * * * * * * * * * * * * * * * * //

dimensions      [0 0 0 1 0 0 0];

internalField   nonuniform List<scalar> 
4800
(
1
1
1
1
1
1
1
1
1
1
1
1
1
1
1
1
1
1
1
1
1
1
1
1
1
1
1
1
1
1
1
1
1
1
1
1
1
1
1
1
1
1
1
1
1
1
1
1
1
1
1
1
1
1
1
1
1
1
1
1
1
1
1
1
1
1
1
1
1
1
1
1
1
1
1
1
1
1
1
1
1
1
1
1
1
1
1
1
1
1
1
1
1
1
1
1
1
1
1
1
1
1
1
1
1
1
1
1
1
1
1
1
1
1
1
1
1
1
1
1
1
1
1
1
1
1
1
1
1
1
1
1
1
1
1
1
1
1
1
1
1
1
1
1
1
1
1
1
1
1
1
1
1
1
1
1
1
1
1
1
1
1
1
1
1
1
1
1
1
1
1
1
1
1
1
1
1
1
1
1
1
1
1
1
1
1
1
1
1
1
1
1
1
1
1
1
1
1
1
1
1
1
1
1
1
1
1
1
1
1
1
1
1
1
1
1
1
1
1
1
1
1
1
1
1
1
1
1
1
1
1
1
1
1
1
1
1
1
1
1
1
1
1
1
1
1
1
1
1
1
1
1
1
1
1
1
1
1
1
1
1
1
1
1
1
1
1
1
1
1
1
1
1
1
1
1
1
1
1
1
1
1
1
1
1
1
1
1
1
1
1
1
1
1
1
1
1
1
1
1
1
1
1
1
1
1
1
1
1
1
1
1
1
1
1
1
1
1
1
1
1
1
1
1
1
1
1
1
1
1
1
1
1
1
1
1
1
1
1
1
1
1
1
1
1
1
1
1
1
1
1
1
1
1
1
1
1
1
1
1
1
1
1
1
1
1
1
1
1
1
1
1
1
1
1
1
1
1
1
1
1
1
1
1
1
1
1
1
1
1
1
1
1
1
1
1
1
1
1
1
1
1
1
1
1
1
1
1
1
1
1
1
1
1
1
1
1
1
1
1
1
1
1
1
1
1
1
1
1
1
1
1
1
1
1
1
1
1
1
1
1
1
1
1
1
1
1
1
1
1
1
1
1
1
1
1
1
1
1
1
1
1
1
1
1
1
1
1
1
1
1
1
1
1
1
1
1
1
1
1
1
1
1
1
1
1
1
1
1
1
1
1
1
1
1
1
1
1
1
1
1
1
1
1
1
1
1
1
1
1
1
1
1
1
1
1
1
1
1
1
1
1
1
1
1
1
1
1
1
1
1
1
1
1
1
1
1
1
1
1
1
1
1
1
1
1
1
1
1
1
1
1
1
1
1
1
1
1
1
1
1
1
1
1
1
1
1
1
1
1
1
1
1
1
1
1
1
1
1
1
1
1
1
1
1
1
1
1
1
1
1
1
1
1
1
1
1
1
1
1
1
1
1
1
1
1
1
1
1
1
1
1
1
1
1
1
1
1
1
1
1
1
1
1
1
1
1
1
1
1
1
1
1
1
1
1
1
1
1
1
1
1
1
1
1
1
1
1
1
1
1
1
1
1
1
1
1
1
1
1
1
1
1
1
1
1
1
1
1
1
1
1
1
1
1
1
1
1
1
1
1
1
1
1
1
1
1
1
1
1
1
1
1
1
1
1
1
1
1
1
1
1
1
1
1
1
1
1
1
1
1
1
1
1
1
1
1
1
1
1
1
1
1
1
1
1
1
1
1
1
1
1
1
1
1
1
1
1
1
1
1
1
1
1
1
1
1
1
1
1
1
1
1
1
1
1
1
1
1
1
1
1
1
1
1
1
1
1
1
1
1
1
1
1
1
1
1
1
1
1
1
1
1
1
1
1
1
1
1
1
1
1
1
1
1
1
1
1
1
1
1
1
1
1
1
1
1
1
1
1
1
1
1
1
1
1
1
1
1
1
1
1
1
1
1
1
1
1
1
1
1
1
1
1
1
1
1
1
1
1
1
1
1
1
1
1
1
1
1
1
1
1
1
1
1
1
1
1
1
1
1
1
1
1
1
1
1
1
1
1
1
1
1
1
1
1
1
1
1
1
1
1
1
1
1
1
1
1
1
1
1
1
1
1
1
1
1
1
1
1
1
1
1
1
1
1
1
1
1
1
1
1
1
1
1
1
1
1
1
1
1
1
1
1
1
1
1
1
1
1
1
1
1
1
1
1
1
1
1
1
1
1
1
1
1
1
1
1
1
1
1
1
1
1
1
1
1
1
1
1
1
1
1
1
1
1
1
1
1
1
1
1
1
1
1
1
1
1
1
1
1
1
1
1
1
1
1
1
1
1
1
1
1
1
1
1
1
1
1
1
1
1
1
1
1
1
1
1
1
1
1
1
1
1
1
1
1
1
1
1
1
1
1
1
1
1
1
1
1
1
1
1
1
1
1
1
1
1
1
1
1
1
1
1
1
1
1
1
1
1
1
1
1
1
1
1
1
1
1
1
1
1
1
1
1
1
1
1
1
1
1
1
1
1
1
1
1
1
1
1
1
1
1
1
1
1
1
1
1
1
1
1
1
1
1
1
1
1
1
1
1
1
1
1
1
1
1
1
1
1
1
1
1
1
1
1
1
1
1
1
1
1
1
1
1
1
1
1
1
1
1
1
1
1
1
1
1
1
1
1
1
1
1
1
1
1
1
1
1
1
1
1
1
1
1
1
1
1
1
1
1
1
1
1
1
1
1
1
1
1
1
1
1
1
1
1
1
1
1
1
1
1
1
1
1
1
1
1
1
1
1
1
1
1
1
1
1
1
1
1
1
1
1
1
1
1
1
1
1
1
1
1
1
1
1
1
1
1
1
1
1
1
1
1
1
1
1
1
1
1
1
1
1
1
1
1
1
1
1
1
1
1
1
1
1
1
1
1
1
1
1
1
1
1
1
1
1
1
1
1
1
1
1
1
1
1
1
1
1
1
1
1
1
1
1
1
1
1
1
1
1
1
1
1
1
1
1
1
1
1
1
1
1
1
1
1
1
1
1
1
1
1
1
1
1
1
1
1
1
1
1
1
1
1
1
1
1
1
1
1
1
1
1
1
1
1
1
1
1
1
1
1
1
1
1
1
1
1
1
1
1
1
1
1
1
1
1
1
1
1
1
1
1
1
1
1
1
1
1
1
1
1
1
1
1
1
1
1
1
1
1
1
1
1
1
1
1
1
1
1
1
1
1
1
1
1
1
1
1
1
1
1
1
1
1
1
1
1
1
1
1
1
1
1
1
1
1
1
1
1
1
1
1
1
1
1
1
1
1
1
1
1
1
1
1
1
1
1
1
1
1
1
1
1
1
1
1
1
1
1
1
1
1
1
1
1
1
1
1
1
1
1
1
1
1
1
1
1
1
1
1
1
1
1
1
1
1
1
1
1
1
1
1
1
1
1
1
1
1
1
1
1
1
1
1
1
1
1
1
1
1
1
1
1
1
1
1
1
1
1
1
1
1
1
1
1
1
1
1
1
1
1
1
1
1
1
1
1
1
1
1
1
1
1
1
1
1
1
1
1
1
1
1
1
1
1
1
1
1
1
1
1
1
1
1
1
1
1
1
1
1
1
1
1
1
1
1
1
1
1
1
1
1
1
1
1
1
1
1
1
1
1
1
1
1
1
1
1
1
1
1
1
1
1
1
1
1
1
1
1
1
1
1
1
1
1
1
1
1
1
1.06915
1.16044
1.24988
1.35541
1.45955
1.55055
1.62323
1.72712
1.8673
1.95459
2.00286
2.06162
2.16677
2.2675
2.28629
2.29353
2.31506
2.32913
2.32156
2.29824
2.27472
2.24937
2.20846
2.14435
2.07259
2.04485
2.02997
2.0046
1.99202
1.9962
2.00698
2.01534
2.0201
2.02665
2.03731
2.05129
2.05855
2.05869
2.05927
2.0612
2.06438
2.06922
2.0751
2.07943
2.08188
2.0823
2.08233
2.0811
2.07738
2.07334
2.07175
2.07297
2.08136
2.09221
2.09762
2.09779
2.09493
2.08787
2.07819
2.07183
2.06988
2.07082
2.07862
2.09133
2.09934
2.10205
2.10158
2.09757
2.09042
2.08162
2.07548
2.07328
2.07364
2.07775
2.08806
2.10052
2.10854
2.11078
2.11011
2.10223
1
1
1
0.999963
0.999229
1.01367
1.03414
1.02035
1.06425
1.21945
1.3373
1.39236
1.49098
1.63548
1.73427
1.75644
1.80734
1.87555
1.93202
1.96682
2.00514
2.03483
2.04
2.06493
2.10286
2.13962
2.14424
2.14018
2.12735
2.10901
2.09848
2.08915
2.08113
2.07321
2.06619
2.06578
2.06798
2.06894
2.06574
2.06515
2.06801
2.0729
2.07718
2.08125
2.08622
2.09117
2.09214
2.09102
2.08778
2.08768
2.08747
2.08576
2.08557
2.08585
2.08925
2.09565
2.09738
2.09607
2.09437
2.09294
2.08982
2.08733
2.08709
2.08744
2.08959
2.09503
2.09882
2.09897
2.09709
2.09545
2.09415
2.09191
2.09061
2.09126
2.0932
2.09382
2.09608
2.09928
2.10097
2.10128
1
1
1
1
1
0.999998
1
1
1
1
1
1
0.999356
0.999745
1.03173
1.06507
1.1398
1.32962
1.51314
1.652
1.80184
1.96937
2.12801
2.17366
2.24865
2.26297
2.25796
2.24792
2.23406
2.21469
2.19334
2.17161
2.13852
2.11421
2.1051
2.10266
2.10015
2.09778
2.09411
2.09387
2.09561
2.10122
2.10416
2.10537
2.10828
2.11115
2.11309
2.11483
2.11608
2.1164
2.11615
2.11468
2.10878
2.1045
2.10356
2.10436
2.11096
2.11937
2.12136
2.11994
2.1161
2.111
2.10526
2.10109
2.09986
2.09954
2.10157
2.10964
2.11631
2.11765
2.11715
2.11537
2.11265
2.11001
2.10681
2.10281
2.09921
2.09667
2.09638
2.10224
1
1
1
1
1
1
1
1
1
1
1
1
1
1
1
1
1
1
0.999212
1.00394
1.05475
1.17156
1.47234
1.72278
1.90154
2.06157
2.1213
2.19017
2.21517
2.20867
2.2012
2.18544
2.18899
2.18721
2.19059
2.19082
2.18591
2.17161
2.16312
2.15946
2.15784
2.15238
2.14044
2.12652
2.11899
2.11914
2.12336
2.13476
2.14851
2.15393
2.15501
2.15416
2.14622
2.13364
2.12735
2.1262
2.12825
2.13792
2.14793
2.15013
2.14916
2.14322
2.13319
2.1255
2.12116
2.11905
2.11912
2.12252
2.13069
2.13873
2.14221
2.14204
2.1385
2.13349
2.12666
2.11896
2.11178
2.10905
2.10817
2.11228
1
1
1
1
1
1
1
1
1
1
1
1
1
1
1
1
1
1
1
1
1
1
0.999322
1.00517
1.04286
1.24595
1.51421
1.69857
1.87312
1.9956
2.13759
2.24696
2.26128
2.27442
2.2704
2.25906
2.24386
2.23026
2.22212
2.21331
2.19945
2.19003
2.17751
2.16062
2.148
2.14683
2.1499
2.15799
2.17232
2.18144
2.18249
2.18187
2.17403
2.15985
2.15488
2.15334
2.15325
2.15812
2.16694
2.17323
2.17458
2.17197
2.1623
2.15276
2.14849
2.14603
2.14503
2.14469
2.14679
2.15115
2.15604
2.16043
2.1612
2.15741
2.1489
2.14057
2.13555
2.1327
2.13209
2.1335
1
1
1
1
1
1
1
1
1
1
1
1
1
1
1
1
1
1
1
1
1
1
1
1
1
1
0.999935
0.999239
1.05313
1.23058
1.42891
1.71842
1.91139
2.05568
2.15029
2.15851
2.16961
2.17235
2.17864
2.1958
2.21726
2.22248
2.22106
2.21034
2.19174
2.17802
2.17538
2.17625
2.17582
2.17917
2.18136
2.18173
2.1801
2.17331
2.17089
2.1716
2.17505
2.18072
2.18206
2.18176
2.18133
2.18141
2.18176
2.18205
2.18133
2.17827
2.17466
2.17204
2.16978
2.16872
2.16736
2.16747
2.17015
2.17215
2.17164
2.1696
2.1676
2.1649
2.16242
2.15948
1
1
1
1
1
1
1
1
1
1
1
1
1
1
1
1
1
1
1
1
1
1
1
1
1
1
1
1
1
1
0.999198
1.01313
1.11182
1.23556
1.4581
1.71095
1.87003
1.98624
2.06949
2.16562
2.22287
2.22517
2.22467
2.22065
2.21143
2.20092
2.18933
2.18036
2.17211
2.17033
2.17088
2.17356
2.17983
2.1877
2.18981
2.1901
2.18868
2.18553
2.18341
2.17964
2.17677
2.17677
2.1843
2.1973
2.20234
2.20358
2.20318
2.19693
2.18294
2.17097
2.16772
2.16771
2.17028
2.17779
2.18568
2.18952
2.19035
2.19017
2.18951
2.1839
1
1
1
1
1
1
1
1
1
1
1
1
1
1
1
1
1
1
1
1
1
1
1
1
1
1
1
1
1
1
1
1
1
1
0.999117
1.01914
1.06808
1.26712
1.55409
1.75997
1.93272
1.99988
2.07401
2.13692
2.16054
2.17061
2.18858
2.18826
2.1736
2.16135
2.16078
2.16624
2.17698
2.18581
2.19127
2.19269
2.19279
2.18831
2.17532
2.16683
2.16639
2.16853
2.1768
2.19414
2.20475
2.20708
2.2073
2.20281
2.18636
2.17509
2.17247
2.17273
2.17631
2.17957
2.18227
2.18924
2.19694
2.2007
2.20107
2.19603
1
1
1
1
1
1
1
1
1
1
1
1
1
1
1
1
1
1
1
1
1
1
1
1
1
1
1
1
1
1
1
1
1
1
1
1
1
0.999673
1.00239
1.02712
1.18084
1.38738
1.54018
1.74129
1.90316
2.05883
2.15264
2.17199
2.16802
2.15724
2.15004
2.15336
2.16222
2.17191
2.18186
2.18442
2.18262
2.17945
2.17293
2.16022
2.15602
2.15727
2.1643
2.17593
2.18862
2.19747
2.20026
2.19927
2.1952
2.19084
2.1881
2.18683
2.18478
2.18329
2.18493
2.18594
2.18694
2.19012
2.19229
2.19259
1
1
1
1
1
1
1
1
1
1
1
1
1
1
1
1
1
1
1
1
1
1
1
1
1
1
1
1
1
1
1
1
1
1
1
1
1
1
1
1
1
0.999514
0.999952
1.07058
1.29756
1.49899
1.69271
1.8564
2.03526
2.09184
2.09313
2.09818
2.10247
2.11146
2.13629
2.15883
2.16575
2.17026
2.17097
2.16841
2.16144
2.16038
2.15976
2.15947
2.16399
2.16905
2.17266
2.17623
2.18016
2.18369
2.19162
2.19804
2.19907
2.19507
2.18229
2.17534
2.17487
2.17552
2.1762
2.18081
1
1
1
1
1
1
1
1
1
1
1
1
1
1
1
1
1
1
1
1
1
1
1
1
1
1
1
1
1
1
1
1
1
1
1
1
1
1
1
1
1
1
1
1
0.999628
1.00035
1.04992
1.16958
1.39432
1.64161
1.80889
1.96075
2.03576
2.06531
2.09041
2.10529
2.12406
2.14469
2.15786
2.15944
2.15794
2.15758
2.15847
2.1569
2.14633
2.14118
2.14082
2.14255
2.14828
2.16749
2.18675
2.1942
2.19436
2.19184
2.18365
2.17224
2.16705
2.16557
2.16647
2.17371
1
1
1
1
1
1
1
1
1
1
1
1
1
1
1
1
1
1
1
1
1
1
1
1
1
1
1
1
1
1
1
1
1
1
1
1
1
1
1
1
1
1
1
1
1
1
1
0.999972
0.999101
1.03822
1.13759
1.29932
1.56435
1.83748
1.97667
2.00045
2.02195
2.05062
2.08861
2.12746
2.14469
2.14744
2.14955
2.15232
2.15004
2.13812
2.12545
2.12135
2.12582
2.13913
2.15776
2.17452
2.17879
2.17752
2.17399
2.17433
2.17481
2.17234
2.16688
2.16569
1
1
1
1
1
1
1
1
1
1
1
1
1
1
1
1
1
1
1
1
1
1
1
1
1
1
1
1
1
1
1
1
1
1
1
1
1
1
1
1
1
1
1
1
1
1
1
1
1
1
0.99999
0.999327
1.02701
1.13446
1.32912
1.56789
1.76672
1.88795
1.95445
2.01982
2.07722
2.11684
2.12977
2.13314
2.1381
2.13805
2.13202
2.12405
2.12152
2.12293
2.1333
2.14344
2.14493
2.14568
2.1498
2.15755
2.16392
2.16789
2.16868
2.16842
1
1
1
1
1
1
1
1
1
1
1
1
1
1
1
1
1
1
1
1
1
1
1
1
1
1
1
1
1
1
1
1
1
1
1
1
1
1
1
1
1
1
1
1
1
1
1
1
1
1
1
1
1
1
0.999276
1.02223
1.08575
1.3101
1.60385
1.81135
1.93731
2.00058
2.03198
2.06316
2.10724
2.12303
2.12325
2.12329
2.12997
2.13507
2.13409
2.12577
2.11771
2.11478
2.11564
2.12209
2.14211
2.15811
2.15971
2.16236
1
1
1
1
1
1
1
1
1
1
1
1
1
1
1
1
1
1
1
1
1
1
1
1
1
1
1
1
1
1
1
1
1
1
1
1
1
1
1
1
1
1
1
1
1
1
1
1
1
1
1
1
1
1
1
1
0.999808
1.00054
1.03881
1.15027
1.42851
1.71454
1.8664
1.91461
1.97241
2.0548
2.0995
2.11394
2.12279
2.13198
2.13734
2.13395
2.12209
2.10212
2.09584
2.1047
2.12225
2.13277
2.13752
2.14699
1
1
1
1
1
1
1
1
1
1
1
1
1
1
1
1
1
1
1
1
1
1
1
1
1
1
1
1
1
1
1
1
1
1
1
1
1
1
1
1
1
1
1
1
1
1
1
1
1
1
1
1
1
1
1
1
1
1
1
0.999619
1.00785
1.05718
1.24706
1.52146
1.69522
1.87376
1.99329
2.03577
2.07306
2.11455
2.11997
2.11907
2.11328
2.11227
2.1151
2.12233
2.12149
2.11622
2.1145
2.11745
1
1
1
1
1
1
1
1
1
1
1
1
1
1
1
1
1
1
1
1
1
1
1
1
1
1
1
1
1
1
1
1
1
1
1
1
1
1
1
1
1
1
1
1
1
1
1
1
1
1
1
1
1
1
1
1
1
1
1
1
1
0.999921
0.999888
1.02019
1.08377
1.34522
1.73505
1.95237
1.98516
2.01857
2.06181
2.08315
2.08812
2.10439
2.12438
2.13843
2.13728
2.12784
2.10819
2.09999
1
1
1
1
1
1
1
1
1
1
1
1
1
1
1
1
1
1
1
1
1
1
1
1
1
1
1
1
1
1
1
1
1
1
1
1
1
1
1
1
1
1
1
1
1
1
1
1
1
1
1
1
1
1
1
1
1
1
1
1
1
1
1
1
0.999774
1.00559
1.08931
1.42472
1.68525
1.80554
1.94359
2.00814
2.02628
2.05397
2.09744
2.12407
2.12623
2.11615
2.10908
2.11337
1
1
1
1
1
1
1
1
1
1
1
1
1
1
1
1
1
1
1
1
1
1
1
1
1
1
1
1
1
1
1
1
1
1
1
1
1
1
1
1
1
1
1
1
1
1
1
1
1
1
1
1
1
1
1
1
1
1
1
1
1
1
1
1
0.999999
1
0.999792
1.00922
1.08317
1.18752
1.46149
1.85121
2.01569
2.03627
2.06581
2.0939
2.09693
2.08497
2.08934
2.11436
1
1
1
1
1
1
1
1
1
1
1
1
1
1
1
1
1
1
1
1
1
1
1
1
1
1
1
1
1
1
1
1
1
1
1
1
1
1
1
1
1
1
1
1
1
1
1
1
1
1
1
1
1
1
1
1
1
1
1
1
1
1
1
1
1
1
0.999997
1
0.999947
1.00022
1.01612
1.2257
1.68972
1.91128
2.00373
2.06903
2.06413
2.04634
2.04933
2.09298
1
1
1
1
1
1
1
1
1
1
1
1
1
1
1
1
1
1
1
1
1
1
1
1
1
1
1
1
1
1
1
1
1
1
1
1
1
1
1
1
1
1
1
1
1
1
1
1
1
1
1
1
1
1
1
1
1
1
1
1
1
1
1
1
1
1
1
1
0.999999
0.999999
0.999957
1.00173
1.12666
1.37467
1.56025
1.82942
2.03753
2.06847
2.07821
2.10011
1
1
1
1
1
1
1
1
1
1
1
1
1
1
1
1
1
1
1
1
1
1
1
1
1
1
1
1
1
1
1
1
1
1
1
1
1
1
1
1
1
1
1
1
1
1
1
1
1
1
1
1
1
1
1
1
1
1
1
1
1
1
1
1
1
1
1
1
1
1
0.999999
0.99999
1.00022
1.00542
1.04812
1.1951
1.6167
1.91851
2.07164
2.10498
1
1
1
1
1
1
1
1
1
1
1
1
1
1
1
1
1
1
1
1
1
1
1
1
1
1
1
1
1
1
1
1
1
1
1
1
1
1
1
1
1
1
1
1
1
1
1
1
1
1
1
1
1
1
1
1
1
1
1
1
1
1
1
1
1
1
1
1
1
1
1
1
1
1
0.999963
1.00094
1.07441
1.53968
1.78636
1.99394
1
1
1
1
1
1
1
1
1
1
1
1
1
1
1
1
1
1
1
1
1
1
1
1
1
1
1
1
1
1
1
1
1
1
1
1
1
1
1
1
1
1
1
1
1
1
1
1
1
1
1
1
1
1
1
1
1
1
1
1
1
1
1
1
1
1
1
1
1
1
1
1
1
1
0.999999
0.999996
1.00035
1.04781
1.18727
1.70455
1
1
1
1
1
1
1
1
1
1
1
1
1
1
1
1
1
1
1
1
1
1
1
1
1
1
1
1
1
1
1
1
1
1
1
1
1
1
1
1
1
1
1
1
1
1
1
1
1
1
1
1
1
1
1
1
1
1
1
1
1
1
1
1
1
1
1
1
1
1
1
1
1
1
1
0.999999
0.999999
1.00003
1.00127
1.16752
1
1
1
1
1
1
1
1
1
1
1
1
1
1
1
1
1
1
1
1
1
1
1
1
1
1
1
1
1
1
1
1
1
1
1
1
1
1
1
1
1
1
1
1
1
1
1
1
1
1
1
1
1
1
1
1
1
1
1
1
1
1
1
1
1
1
1
1
1
1
1
1
1
1
1
1
1
1
1
1.00471
1
1
1
1
1
1
1
1
1
1
1
1
1
1
1
1
1
1
1
1
1
1
1
1
1
1
1
1
1
1
1
1
1
1
1
1
1
1
1
1
1
1
1
1
1
1
1
1
1
1
1
1
1
1
1
1
1
1
1
1
1
1
1
1
1
1
1
1
1
1
1
1
1
1
1
1
1
1
1
1.00003
1
1
1
1
1
1
1
1
1
1
1
1
1
1
1
1
1
1
1
1
1
1
1
1
1
1
1
1
1
1
1
1
1
1
1
1
1
1
1
1
1
1
1
1
1
1
1
1
1
1
1
1
1
1
1
1
1
1
1
1
1
1
1
1
1
1
1
1
1
1
1
1
1
1
1
1
1
1
1
1
1
1
1
1
1
1
1
1
1
1
1
1
1
1
1
1
1
1
1
1
1
1
1
1
1
1
1
1
1
1
1
1
1
1
1
1
1
1
1
1
1
1
1
1
1
1
1
1
1
1
1
1
1
1
1
1
1
1
1
1
1
1
1
1
1
1
1
1
1
1
1
1
1
1
1
1
1
1
1
1
1
1
1
1
1
1
1
1
1
1
1
1
1
1
1
1
1
1
1
1
1
1
1
1
1
1
1
1
1
1
1
1
1
1
1
1
1
1
1
1
1
1
1
1
1
1
1
1
1
1
1
1
1
1
1
1
1
1
1
1
1
1
1
1
1
1
1
1
1
1
1
1
1
1
1
1
1
1
1
1
1
1
1
1
1
1
1
1
1
1
1
1
1
1
1
1
1
1
1
1
1
1
1
1
1
1
1
1
1
1
1
1
1
1
1
1
1
1
1
1
1
1
1
1
1
1
1
1
1
1
1
1
1
1
1
1
1
1
1
1
1
1
1
1
1
1
1
1
1
1
1
1
1
1
1
1
1
1
1
1
1
1
1
1
1
1
1
1
1
1
1
1
1
1
1
1
1
1
1
1
1
1
1
1
1
1
1
1
1
1
1
1
1
1
1
1
1
1
1
1
1
1
1
1
1
1
1
1
1
1
1
1
1
1
1
1
1
1
1
1
1
1
1
1
1
1
1
1
1
1
1
1
1
1
1
1
1
1
1
1
1
1
1
1
1
1
1
1
1
1
1
1
1
1
1
1
1
1
1
1
1
1
1
1
1
1
1
1
1
1
1
1
1
1
1
1
1
1
1
1
1
1
1
1
1
1
1
1
1
1
1
1
1
1
1
1
1
1
1
1
1
1
1
1
1
1
1
1
1
1
1
1
1
1
1
1
1
1
1
1
1
1
1
1
1
1
1
1
1
1
1
1
1
1
1
1
1
1
1
1
1
1
1
1
1
1
1
1
1
1
1
1
1
1
1
1
1
1
1
1
1
1
1
1
1
1
1
1
1
1
1
1
1
1
1
1
1
1
1
1
1
1
1
1
1
1
1
1
1
1
1
1
1
1
1
1
1
1
1
1
1
1
1
1
1
1
1
1
1
1
1
1
1
1
1
1
1
1
1
1
1
1
1
1
1
1
1
1
1
1
1
1
1
1
1
1
1
1
1
1
1
1
1
1
1
1
1
1
1
1
1
1
1
1
1
1
1
1
1
1
1
1
1
1
1
1
1
1
1
1
1
1
1
1
1
1
1
1
1
1
1
1
1
1
1
1
1
1
1
1
1
1
1
1
1
1
1
1
1
1
1
1
1
1
1
1
1
1
1
1
1
1
1
1
1
1
1
1
1
1
1
1
1
1
1
1
1
1
1
1
1
1
1
1
1
1
1
1
1
1
1
1
1
1
1
1
1
1
1
1
1
1
1
1
1
1
1
1
1
1
1
1
1
1
1
1
1
1
1
1
1
1
1
1
1
1
1
1
1
1
1
1
1
1
1
1
1
1
1
1
1
1
1
1
1
1
1
1
1
1
1
1
1
1
1
1
1
1
1
1
1
1
1
1
1
1
1
1
1
1
1
1
1
1
1
1
1
1
1
1
1
1
1
1
1
1
1
1
1
1
1
1
1
1
1
1
1
1
1
1
1
1
1
1
1
1
1
1
1
1
1
1
1
1
1
1
1
1
1
1
1
1
1
1
1
1
1
1
1
1
1
1
1
1
1
1
1
1
1
1
1
1
1
1
1
1
1
1
1
1
1
1
1
1
1
1
1
1
1
1
1
1
1
1
1
1
1
1
1
1
1
1
1
1
1
1
1
1
1
1
1
1
1
1
1
1
1
1
1
1
1
1
1
1
1
1
1
1
1
1
1
1
1
1
1
1
1
1
1
1
1
1
1
1
1
1
1
1
1
1
1
1
1
1
1
1
1
1
1
1
1
1
1
1
1
1
1
1
1
1
1
1
1
1
1
1
1
1
1
1
1
1
1
1
1
1
1
1
1
1
1
1
1
1
1
1
1
1
1
1
1
1
1
1
1
1
1
1
1
1
1
1
1
1
1
1
1
1
1
1
1
1
1
1
1
1
1
1
1
1
1
1
1
1
1
1
1
1
1
1
1
1
1
1
1
1
1
1
1
1
1
1
1
1
1
1
1
1
1
1
)
;

boundaryField
{
    inlet
    {
        type            fixedValue;
        value           uniform 1;
    }
    outlet
    {
        type            zeroGradient;
    }
    bottom
    {
        type            symmetryPlane;
    }
    top
    {
        type            symmetryPlane;
    }
    obstacle
    {
        type            zeroGradient;
    }
    defaultFaces
    {
        type            empty;
    }
}


// ************************************************************************* //
