/*--------------------------------*- C++ -*----------------------------------*\
| =========                 |                                                 |
| \\      /  F ield         | OpenFOAM: The Open Source CFD Toolbox           |
|  \\    /   O peration     | Version:  2206                                  |
|   \\  /    A nd           | Website:  www.openfoam.com                      |
|    \\/     M anipulation  |                                                 |
\*---------------------------------------------------------------------------*/
FoamFile
{
    version     2.0;
    format      ascii;
    arch        "LSB;label=32;scalar=64";
    class       volScalarField;
    location    "0.04";
    object      p;
}
// * * * * * * * * * * * * * * * * * * * * * * * * * * * * * * * * * * * * * //

dimensions      [1 -1 -2 0 0 0 0];

internalField   nonuniform List<scalar> 
4800
(
1
1
1
1
1
1
1
1
1
1
1
1
1
1
1
1
1
1
1
1
1
1
1
1
1
1
1
1
1
1
1
1
1
1
1
1
1
1
1
1
1
1
1
1
1
1
1
1
1
1
1
1
1
1
1
1
1
1
1
1
1
1
1
1
1
1
1
1
1
1
1
1
1
1
1
1
1
1
1
1
1
1
1
1
1
1
1
1
1
1
1
1
1
1
1
1
1
1
1
1
1
1
1
1
1
1
1
1
1
1
1
1
1
1
1
1
1
1
1
1
1
1
1
1
1
1
1
1
1
1
1
1
1
1
1
1
1
1
1
1
1
1
1
1
1
1
1
1
1
1
1
1
1
1
1
1
1
1
1
1
1
1
1
1
1
1
1
1
1
1
1
1
1
1
1
1
1
1
1
1
1
1
1
1
1
1
1
1
1
1
1
1
1
1
1
1
1
1
1
1
1
1
1
1
1
1
1
1
1
1
1
1
1
1
1
1
1
1
1
1
1
1
1
1
1
1
1
1
1
1
1
1
1
1
1
1
1
1
1
1
1
1
1
1
1
1
1
1
1
1
1
1
1
1
1
1
1
1
1
1
1
1
1
1
1
1
1
1
1
1
1
1
1
1
1
1
1
1
1
1
1
1
1
1
1
1
1
1
1
1
1
1
1
1
1
1
1
1
1
1
1
1
1
1
1
1
1
1
1
1
1
1
1
1
1
1
1
1
1
1
1
1
1
1
1
1
1
1
1
1
1
1
1
1
1
1
1
1
1
1
1
1
1
1
1
1
1
1
1
1
1
1
1
1
1
1
1
1
1
1
1
1
1
1
1
1
1
1
1
1
1
1
1
1
1
1
1
1
1
1
1
1
1
1
1
1
1
1
1
1
1
1
1
1
1
1
1
1
1
1
1
1
1
1
1
1
1
1
1
1
1
1
1
1
1
1
1
1
1
1
1
1
1
1
1
1
1
1
1
1
1
1
1
1
1
1
1
1
1
1
1
1
1
1
1
1
1
1
1
1
1
1
1
1
1
1
1
1
1
1
1
1
1
1
1
1
1
1
1
1
1
1
1
1
1
1
1
1
1
1
1
1
1
1
1
1
1
1
1
1
1
1
1
1
1
1
1
1
1
1
1
1
1
1
1
1
1
1
1
1
1
1
1
1
1
1
1
1
1
1
1
1
1
1
1
1
1
1
1
1
1
1
1
1
1
1
1
1
1
1
1
1
1
1
1
1
1
1
1
1
1
1
1
1
1
1
1
1
1
1
1
1
1
1
1
1
1
1
1
1
1
1
1
1
1
1
1
1
1
1
1
1
1
1
1
1
1
1
1
1
1
1
1
1
1
1
1
1
1
1
1
1
1
1
1
1
1
1
1
1
1
1
1
1
1
1
1
1
1
1
1
1
1
1
1
1
1
1
1
1
1
1
1
1
1
1
1
1
1
1
1
1
1
1
1
1
1
1
1
1
1
1
1
1
1
1
1
1
1
1
1
1
1
1
1
1
1
1
1
1
1
1
1
1
1
1
1
1
1
1
1
1
1
1
1
1
1
1
1
1
1
1
1
1
1
1
1
1
1
1
1
1
1
1
1
1
1
1
1
1
1
1
1
1
1
1
1
1
1
1
1
1
1
1
1
1
1
1
1
1
1
1
1
1
1
1
1
1
1
1
1
1
1
1
1
1
1
1
1
1
1
1
1
1
1
1
1
1
1
1
1
1
1
1
1
1
1
1
1
1
1
1
1
1
1
1
1
1
1
1
1
1
1
1
1
1
1
1
1
1
1
1
1
1
1
1
1
1
1
1
1
1
1
1
1
1
1
1
1
1
1
1
1
1
1
1
1
1
1
1
1
1
1
1
1
1
1
1
1
1
1
1
1
1
1
1
1
1
1
1
1
1
1
1
1
1
1
1
1
1
1
1
1
1
1
1
1
1
1
1
1
1
1
1
1
1
1
1
1
1
1
1
1
1
1
1
1
1
1
1
1
1
1
1
1
1
1
1
1
1
1
1
1
1
1
1
1
1
1
1
1
1
1
1
1
1
1
1
1
1
1
1
1
1
1
1
1
1
1
1
1
1
1
1
1
1
1
1
1
1
1
1
1
1
1
1
1
1
1
1
1
1
1
1
1
1
1
1
1
1
1
1
1
1
1
1
1
1
1
1
1
1
1
1
1
1
1
1
1
1
1
1
1
1
1
1
1
1
1
1
1
1
1
1
1
1
1
1
1
1
1
1
1
1
1
1
1
1
1
1
1
1
1
1
1
1
1
1
1
1
1
1
1
1
1
1
1
1
1
1
1
1
1
1
1
1
1
1
1
1
1
1
1
1
1
1
1
1
1
1
1
1
1
1
1
1
1
1
1
1
1
1
1
1
1
1
1
1
1
1
1
1
1
1
1
1
1
1
1
1
1
1
1
1
1
1
1
1
1
1
1
1
1
1
1
1
1
1
1
1
1
1
1
1
1
1
1
1
1
1
1
1
1
1
1
1
1
1
1
1
1
1
1
1
1
1
1
1
1
1
1
1
1
1
1
1
1
1
1
1
1
1
1
1
1
1
1
1
1
1
1
1
1
1
1
1
1
1
1
1
1
1
1
1
1
1
1
1
1
1
1
1
1
1
1
1
1
1
1
1
1
1
1
1
1
1
1
1
1
1
1
1
1
1
1
1
1
1
1
1
1
1
1
1
1
1
1
1
1
1
1
1
1
1
1
1
1
1
1
1
1
1
1
1
1
1
1
1
1
1
1
1
1
1
1
1
1
1
1
1
1
1
1
1
1
1
1
1
1
1
1
1
1
1
1
1
1
1
1
1
1
1
1
1
1
1
1
1
1
1
1
1
1
1
1
1
1
1
1
1
1
1
1
1
1
1
1
1
1
1
1
1
1
1
1
1
1
1
1
1
1
1
1
1
1
1
1
1
1
1
1
1
1
1
1
1
1
1
1
1
1
1
1
1
1
1
1
1
1
1
1
1
1
1
1
1
1
1
1
1
1
1
1
1
1
1
1
1
1
1
1
1
1
1
1
1
1
1
1
1
1
1
1
1
1
1
1
1
1
1
1
1
1
1
1
1
1
1
1
1
1
1
1
1
1
1
1
1
1
1
1
1
1
1
1
1
1
1
1
1
1
1
1
1
1
1
1
1
1
1
1
1
1
1
1
1
1
1
1
1
1
1
1
1
1
1
1
1
1
1
1
1
1
1
1
1
1
1
1
1
1
1
1
1
1
1
1
1
1
1
1
1
1
1
1
1
1
1
1
1
1
1
1
1
1
1
1
1
1
1
1
1
1
1
1
1
1
1
1
1
1
1
1
1
1
1
1
1
1
1
1
1
1
1
1
1
1
1
1
1
1
1
1
1
1
1
1
1
1
1
1
1
1
1
1
1
1
1
1
1
1
1
1
1
1
1
1
1
1
1
1
1
1
1
1
1
1
1
1
1
1
1
1
1
1
1
1
1
1
1
1
1
1
1
1
1
1
1
1
1
1
1
1
1
1
1
1
1
1
1
1
1
1
1
1
1
1
1
1
1
1
1
1
1
1
1
1
1
1
1
1
1
1
1
1
1
1
1
1
1
1
1
1
1
1
1
1
1
1
1
1.25862
1.66832
2.15191
2.73213
3.44163
4.00654
4.55665
5.42828
6.36579
6.71272
7.00677
7.63344
8.36811
8.4364
8.26139
8.23191
8.22193
8.03624
7.51389
6.78507
6.19463
5.75294
5.41784
5.28545
5.25112
5.21251
5.14543
5.13993
5.16897
5.25716
5.37064
5.41751
5.44915
5.50746
5.57928
5.61859
5.6058
5.57584
5.57557
5.5938
5.60346
5.59448
5.55745
5.49383
5.42356
5.36533
5.32719
5.31302
5.30893
5.31257
5.32473
5.33392
5.34552
5.37991
5.41835
5.40265
5.3708
5.36035
5.35652
5.35218
5.35173
5.35188
5.35192
5.35353
5.36192
5.38565
5.44017
5.53011
5.58576
5.5914
5.59077
5.58786
5.58034
5.56818
5.55937
5.55714
5.55738
5.55881
5.5601
5.5615
1
1
0.999868
0.997624
1.00546
1.12289
1.22606
1.30326
1.56004
2.02307
2.406
2.78037
3.38691
4.05588
4.47502
4.799
5.41315
5.72661
5.66788
5.78319
6.19495
6.22678
6.09791
5.93401
5.91162
5.91044
5.85211
5.71976
5.60362
5.56732
5.50137
5.42513
5.37682
5.38484
5.43205
5.50978
5.52834
5.53376
5.55538
5.58763
5.59336
5.58012
5.5264
5.43655
5.37064
5.34164
5.33402
5.33125
5.33037
5.33939
5.35029
5.34898
5.34418
5.36113
5.39007
5.37799
5.36159
5.35527
5.35338
5.3514
5.35065
5.35164
5.35392
5.35822
5.36869
5.39459
5.4491
5.52462
5.56845
5.57429
5.57404
5.5731
5.57041
5.56445
5.56367
5.56483
5.56733
5.57063
5.57358
5.57448
1
1
1
1
0.999995
1
1
0.999999
1
1
0.998356
1.01042
1.06357
1.26006
1.56676
1.97269
2.64089
3.63814
4.64863
5.53227
6.39417
6.60503
6.62558
6.58542
6.48139
6.41341
6.33143
6.20884
6.00108
5.7391
5.58069
5.40999
5.36905
5.37852
5.41977
5.48084
5.50488
5.52671
5.56307
5.59333
5.60739
5.59414
5.53215
5.41357
5.34213
5.33703
5.34002
5.3484
5.3586
5.3721
5.38402
5.37896
5.36495
5.37395
5.39763
5.38415
5.3653
5.35649
5.34645
5.33278
5.32541
5.32699
5.33234
5.34167
5.35757
5.38845
5.44982
5.53357
5.57494
5.58015
5.58077
5.58119
5.58066
5.57961
5.57988
5.58132
5.58328
5.58564
5.58803
5.58859
1
1
1
1
1
1
1
1
1
1
1
1
1
1
1
0.99873
1.00524
1.08979
1.44786
1.96916
2.8615
3.95785
4.80239
5.60798
5.76358
5.93736
5.9083
5.8281
5.82197
5.96509
6.01017
5.90762
5.71916
5.68363
5.66003
5.63444
5.53055
5.43408
5.41654
5.43125
5.46778
5.46699
5.42957
5.36508
5.33801
5.33256
5.33101
5.33191
5.34292
5.36376
5.37965
5.3768
5.36576
5.37805
5.39343
5.37339
5.35201
5.34638
5.34001
5.32841
5.3242
5.32774
5.33487
5.34526
5.3611
5.39523
5.46843
5.56086
5.59691
5.59872
5.59858
5.5974
5.59376
5.58878
5.58793
5.58755
5.58676
5.58594
5.58487
5.58295
1
1
1
1
1
1
1
1
1
1
1
1
1
1
1
1
0.999999
1
1
0.998624
1.01915
1.23318
1.5804
2.21152
3.13486
4.1827
5.15318
5.45352
5.86933
6.20206
6.18444
6.14024
6.08307
6.01937
5.93221
5.74836
5.55871
5.43254
5.42015
5.4418
5.48059
5.47452
5.4154
5.34596
5.32964
5.32847
5.3281
5.32564
5.323
5.32009
5.3066
5.29802
5.31939
5.36562
5.39011
5.37195
5.36275
5.36111
5.35009
5.33938
5.3433
5.3486
5.35251
5.35602
5.36753
5.4008
5.47651
5.55896
5.58089
5.58138
5.5804
5.57585
5.57136
5.56914
5.56901
5.57106
5.574
5.57712
5.58007
5.58384
1
1
1
1
1
1
1
1
1
1
1
1
1
1
1
1
1
1
1
1
0.999999
1
0.999463
0.999491
1.06659
1.24587
1.7608
2.59265
3.40599
4.38612
4.95611
5.28191
5.63548
5.73829
5.76787
5.82793
5.75907
5.61931
5.60158
5.62821
5.63812
5.59639
5.49908
5.35665
5.23576
5.21756
5.21851
5.22232
5.2261
5.22069
5.20688
5.21605
5.26537
5.34274
5.3828
5.39689
5.39697
5.37562
5.35614
5.3515
5.35852
5.36384
5.36535
5.36744
5.38354
5.42138
5.48955
5.55742
5.57561
5.57567
5.57359
5.56839
5.56246
5.55952
5.5596
5.56063
5.56431
5.56954
5.57438
5.58174
1
1
1
1
1
1
1
1
1
1
1
1
1
1
1
1
1
1
1
1
1
1
1
1
1
1
0.998761
1.01966
1.09593
1.3985
2.12375
2.94143
3.79004
4.5757
5.27157
5.80215
5.85471
5.773
5.78129
5.81519
5.79781
5.71271
5.50118
5.27791
5.20116
5.1888
5.18532
5.21621
5.24758
5.24971
5.24504
5.27343
5.32029
5.37652
5.38426
5.37796
5.36285
5.31392
5.30917
5.32213
5.335
5.34127
5.34216
5.34617
5.36936
5.42328
5.50255
5.57175
5.59071
5.59115
5.58959
5.58461
5.57715
5.57434
5.5731
5.57249
5.57254
5.57323
5.57395
5.57338
1
1
1
1
1
1
1
1
1
1
1
1
1
1
1
1
1
1
1
1
1
1
1
1
1
1
1
0.999999
1
0.999477
1.00138
1.05144
1.24956
1.74629
2.46937
3.40161
4.32308
4.80645
5.24409
5.51572
5.54338
5.54052
5.48963
5.34552
5.30251
5.29593
5.30583
5.32876
5.34476
5.34288
5.32176
5.33831
5.35091
5.338
5.32781
5.31329
5.28678
5.22819
5.22476
5.24587
5.26933
5.28476
5.2916
5.3067
5.34895
5.43112
5.53561
5.59806
5.61106
5.61077
5.60664
5.59819
5.59016
5.58568
5.58256
5.57914
5.57658
5.57499
5.57393
5.57268
1
1
1
1
1
1
1
1
1
1
1
1
1
1
1
1
1
1
1
1
1
1
1
1
1
1
1
1
1
1
1
1
1
0.998754
1.02145
1.12946
1.53048
2.27836
3.07147
3.93303
4.67608
5.36643
5.43092
5.39082
5.32368
5.28912
5.26983
5.2702
5.27991
5.30957
5.31019
5.27397
5.25078
5.25267
5.27118
5.28284
5.2657
5.2515
5.26183
5.27558
5.28772
5.30208
5.31679
5.33871
5.38447
5.46525
5.55601
5.5925
5.59711
5.59653
5.59239
5.58246
5.57294
5.56901
5.56668
5.56391
5.56295
5.56476
5.56802
5.56923
1
1
1
1
1
1
1
1
1
1
1
1
1
1
1
1
1
1
1
1
1
1
1
1
1
1
1
1
1
1
1
1
1
1
1
1
0.998998
1.0121
1.0882
1.38642
2.00706
2.89866
3.65603
4.3165
4.64811
4.83172
4.9241
5.03857
5.07763
5.10408
5.14351
5.22394
5.26582
5.31167
5.36418
5.40148
5.40426
5.3589
5.33507
5.32311
5.29774
5.29491
5.30735
5.32232
5.36825
5.46072
5.52512
5.54446
5.54335
5.53993
5.5347
5.52914
5.52719
5.53083
5.53817
5.54578
5.55423
5.56519
5.57594
5.58904
1
1
1
1
1
1
1
1
1
1
1
1
1
1
1
1
1
1
1
1
1
1
1
1
1
1
1
1
1
1
1
1
1
1
1
1
1
1
1
0.999278
1.00438
1.06824
1.33263
1.75599
2.40333
3.01911
3.54535
4.01538
4.41522
4.69105
5.00416
5.15804
5.28654
5.35192
5.37202
5.38239
5.37301
5.3131
5.28272
5.27689
5.245
5.23604
5.25658
5.28454
5.33479
5.41566
5.48998
5.51336
5.51453
5.51523
5.51994
5.52692
5.53477
5.54541
5.55968
5.57296
5.58022
5.58199
5.57961
5.5811
1
1
1
1
1
1
1
1
1
1
1
1
1
1
1
1
1
1
1
1
1
1
1
1
1
1
1
1
1
1
1
1
1
1
1
1
1
1
1
1
1
1
0.999778
1.00101
1.02857
1.11941
1.32167
1.61418
2.03925
2.56668
3.09124
3.60355
4.116
4.45758
4.70021
4.93851
5.01528
5.02789
5.04992
5.10044
5.19293
5.21634
5.26121
5.36776
5.46193
5.5168
5.57292
5.61834
5.6247
5.62079
5.61376
5.60354
5.58138
5.56826
5.56923
5.57024
5.56681
5.56216
5.5575
5.54751
1
1
1
1
1
1
1
1
1
1
1
1
1
1
1
1
1
1
1
1
1
1
1
1
1
1
1
1
1
1
1
1
1
1
1
1
1
1
1
1
1
1
1
1
1
1
1
1.00008
1.00887
1.04768
1.14455
1.35383
1.66379
2.14856
2.69171
3.2583
3.86011
4.41479
4.69735
4.98997
5.1513
5.21167
5.27183
5.3805
5.49537
5.54811
5.59467
5.61923
5.61641
5.59711
5.5811
5.56597
5.52055
5.48334
5.49622
5.50682
5.50627
5.51063
5.51822
5.52622
1
1
1
1
1
1
1
1
1
1
1
1
1
1
1
1
1
1
1
1
1
1
1
1
1
1
1
1
1
1
1
1
1
1
1
1
1
1
1
1
1
1
1
1
1
1
1
1
1
1
0.999972
1.00003
1.00121
1.01544
1.06878
1.22239
1.53689
2.03983
2.71622
3.32995
3.87458
4.39168
4.67722
4.87714
5.15901
5.25454
5.31009
5.36822
5.39666
5.37912
5.37782
5.41587
5.43209
5.43972
5.46854
5.4964
5.51899
5.55182
5.58091
5.60047
1
1
1
1
1
1
1
1
1
1
1
1
1
1
1
1
1
1
1
1
1
1
1
1
1
1
1
1
1
1
1
1
1
1
1
1
1
1
1
1
1
1
1
1
1
1
1
1
1
1
1
1
1
1
0.999955
1
1.001
1.01481
1.08311
1.25435
1.5807
2.04466
2.5847
3.10352
3.54807
4.00473
4.3476
4.60112
4.90286
5.10661
5.20863
5.36607
5.44759
5.48043
5.5253
5.55732
5.56251
5.57129
5.58966
5.58355
1
1
1
1
1
1
1
1
1
1
1
1
1
1
1
1
1
1
1
1
1
1
1
1
1
1
1
1
1
1
1
1
1
1
1
1
1
1
1
1
1
1
1
1
1
1
1
1
1
1
1
1
1
1
0.999999
1
0.999999
1
0.999984
1.00007
1.00203
1.01524
1.06126
1.15921
1.31759
1.55327
1.83978
2.20884
2.60763
3.11544
3.64436
4.05179
4.49565
4.85901
5.00856
5.23698
5.32325
5.34053
5.39572
5.42754
1
1
1
1
1
1
1
1
1
1
1
1
1
1
1
1
1
1
1
1
1
1
1
1
1
1
1
1
1
1
1
1
1
1
1
1
1
1
1
1
1
1
1
1
1
1
1
1
1
1
1
1
1
1
1
1
1
1
1
1
0.999999
1
0.999992
1.00014
1.00037
1.00199
1.00683
1.02243
1.06224
1.16224
1.34919
1.6425
2.07491
2.61429
3.19579
3.71225
4.22703
4.68637
4.946
5.22103
1
1
1
1
1
1
1
1
1
1
1
1
1
1
1
1
1
1
1
1
1
1
1
1
1
1
1
1
1
1
1
1
1
1
1
1
1
1
1
1
1
1
1
1
1
1
1
1
1
1
1
1
1
1
1
1
1
1
1
1
1
1
1
1
1
1
1
1
1
1.00013
1.00072
1.00369
1.01841
1.06764
1.1878
1.4124
1.79596
2.30629
2.86363
3.82002
1
1
1
1
1
1
1
1
1
1
1
1
1
1
1
1
1
1
1
1
1
1
1
1
1
1
1
1
1
1
1
1
1
1
1
1
1
1
1
1
1
1
1
1
1
1
1
1
1
1
1
1
1
1
1
1
1
1
1
1
1
1
1
1
1
1
1
1
1
1
1
1
0.999996
1.00004
1.00018
1.00132
1.00829
1.03726
1.11434
1.55321
1
1
1
1
1
1
1
1
1
1
1
1
1
1
1
1
1
1
1
1
1
1
1
1
1
1
1
1
1
1
1
1
1
1
1
1
1
1
1
1
1
1
1
1
1
1
1
1
1
1
1
1
1
1
1
1
1
1
1
1
1
1
1
1
1
1
1
1
1
1
1
1
1
1
1
1
0.999998
1.00002
0.999962
1.00533
1
1
1
1
1
1
1
1
1
1
1
1
1
1
1
1
1
1
1
1
1
1
1
1
1
1
1
1
1
1
1
1
1
1
1
1
1
1
1
1
1
1
1
1
1
1
1
1
1
1
1
1
1
1
1
1
1
1
1
1
1
1
1
1
1
1
1
1
1
1
1
1
1
1
1
1
1
1
0.999998
1
1
1
1
1
1
1
1
1
1
1
1
1
1
1
1
1
1
1
1
1
1
1
1
1
1
1
1
1
1
1
1
1
1
1
1
1
1
1
1
1
1
1
1
1
1
1
1
1
1
1
1
1
1
1
1
1
1
1
1
1
1
1
1
1
1
1
1
1
1
1
1
1
1
1
1
1
1
1
1
1
1
1
1
1
1
1
1
1
1
1
1
1
1
1
1
1
1
1
1
1
1
1
1
1
1
1
1
1
1
1
1
1
1
1
1
1
1
1
1
1
1
1
1
1
1
1
1
1
1
1
1
1
1
1
1
1
1
1
1
1
1
1
1
1
1
1
1
1
1
1
1
1
1
1
1
1
1
1
1
1
1
1
1
1
1
1
1
1
1
1
1
1
1
1
1
1
1
1
1
1
1
1
1
1
1
1
1
1
1
1
1
1
1
1
1
1
1
1
1
1
1
1
1
1
1
1
1
1
1
1
1
1
1
1
1
1
1
1
1
1
1
1
1
1
1
1
1
1
1
1
1
1
1
1
1
1
1
1
1
1
1
1
1
1
1
1
1
1
1
1
1
1
1
1
1
1
1
1
1
1
1
1
1
1
1
1
1
1
1
1
1
1
1
1
1
1
1
1
1
1
1
1
1
1
1
1
1
1
1
1
1
1
1
1
1
1
1
1
1
1
1
1
1
1
1
1
1
1
1
1
1
1
1
1
1
1
1
1
1
1
1
1
1
1
1
1
1
1
1
1
1
1
1
1
1
1
1
1
1
1
1
1
1
1
1
1
1
1
1
1
1
1
1
1
1
1
1
1
1
1
1
1
1
1
1
1
1
1
1
1
1
1
1
1
1
1
1
1
1
1
1
1
1
1
1
1
1
1
1
1
1
1
1
1
1
1
1
1
1
1
1
1
1
1
1
1
1
1
1
1
1
1
1
1
1
1
1
1
1
1
1
1
1
1
1
1
1
1
1
1
1
1
1
1
1
1
1
1
1
1
1
1
1
1
1
1
1
1
1
1
1
1
1
1
1
1
1
1
1
1
1
1
1
1
1
1
1
1
1
1
1
1
1
1
1
1
1
1
1
1
1
1
1
1
1
1
1
1
1
1
1
1
1
1
1
1
1
1
1
1
1
1
1
1
1
1
1
1
1
1
1
1
1
1
1
1
1
1
1
1
1
1
1
1
1
1
1
1
1
1
1
1
1
1
1
1
1
1
1
1
1
1
1
1
1
1
1
1
1
1
1
1
1
1
1
1
1
1
1
1
1
1
1
1
1
1
1
1
1
1
1
1
1
1
1
1
1
1
1
1
1
1
1
1
1
1
1
1
1
1
1
1
1
1
1
1
1
1
1
1
1
1
1
1
1
1
1
1
1
1
1
1
1
1
1
1
1
1
1
1
1
1
1
1
1
1
1
1
1
1
1
1
1
1
1
1
1
1
1
1
1
1
1
1
1
1
1
1
1
1
1
1
1
1
1
1
1
1
1
1
1
1
1
1
1
1
1
1
1
1
1
1
1
1
1
1
1
1
1
1
1
1
1
1
1
1
1
1
1
1
1
1
1
1
1
1
1
1
1
1
1
1
1
1
1
1
1
1
1
1
1
1
1
1
1
1
1
1
1
1
1
1
1
1
1
1
1
1
1
1
1
1
1
1
1
1
1
1
1
1
1
1
1
1
1
1
1
1
1
1
1
1
1
1
1
1
1
1
1
1
1
1
1
1
1
1
1
1
1
1
1
1
1
1
1
1
1
1
1
1
1
1
1
1
1
1
1
1
1
1
1
1
1
1
1
1
1
1
1
1
1
1
1
1
1
1
1
1
1
1
1
1
1
1
1
1
1
1
1
1
1
1
1
1
1
1
1
1
1
1
1
1
1
1
1
1
1
1
1
1
1
1
1
1
1
1
1
1
1
1
1
1
1
1
1
1
1
1
1
1
1
1
1
1
1
1
1
1
1
1
1
1
1
1
1
1
1
1
1
1
1
1
1
1
1
1
1
1
1
1
1
1
1
1
1
1
1
1
1
1
1
1
1
1
1
1
1
1
1
1
1
1
1
1
1
1
1
1
1
1
1
1
1
1
1
1
1
1
1
1
1
1
1
1
1
1
1
1
1
1
1
1
1
1
1
1
1
1
1
1
1
1
1
1
1
1
1
1
1
1
1
1
1
1
1
1
1
1
1
1
1
1
1
1
1
1
1
1
1
1
1
1
1
1
1
1
1
1
1
1
1
1
1
1
1
1
1
1
1
1
1
1
1
1
1
1
1
1
1
1
1
1
1
1
1
1
1
1
1
1
1
1
1
1
1
1
1
1
1
1
1
1
1
1
1
1
1
1
1
1
1
1
1
1
1
1
1
1
1
1
1
1
1
1
1
1
1
1
1
1
1
1
1
1
1
1
1
1
1
1
1
1
1
1
1
1
1
1
1
1
1
1
1
1
1
1
1
1
1
1
1
1
1
1
1
1
1
1
1
1
1
1
1
1
1
1
1
1
1
1
1
1
1
1
1
1
1
1
1
1
1
1
1
1
1
1
1
1
1
1
1
1
1
1
1
1
1
1
1
1
1
1
1
1
1
1
1
1
1
1
1
1
1
1
1
1
1
1
1
1
1
1
1
1
1
1
1
1
1
1
1
1
1
1
1
1
1
1
1
1
1
1
1
1
1
1
1
1
1
1
1
1
1
1
1
1
1
1
1
1
1
1
1
1
1
1
1
1
1
1
1
1
1
1
1
1
1
1
1
1
1
1
1
1
1
1
1
1
1
1
1
1
1
1
1
1
1
1
1
1
1
1
1
1
1
1
1
1
1
1
1
1
1
1
1
1
1
1
1
1
1
1
1
1
1
1
1
1
1
1
1
1
1
1
1
1
1
1
1
1
1
1
1
1
1
1
1
1
1
1
1
1
1
1
1
1
1
1
1
1
1
1
1
1
1
1
1
1
1
1
1
1
1
1
1
1
1
1
1
1
1
1
1
1
1
1
1
1
1
1
1
1
1
1
1
1
1
1
1
1
1
1
1
1
1
1
1
1
1
1
1
1
1
1
1
1
1
1
1
1
1
1
1
1
1
1
1
1
1
1
1
1
1
1
1
1
1
1
1
1
1
1
1
1
1
1
1
1
1
1
1
1
1
1
1
1
1
1
1
1
1
1
1
1
1
1
1
1
1
1
1
1
1
1
1
1
1
1
1
1
1
1
1
1
1
1
1
1
1
1
1
1
1
1
1
1
1
1
1
1
1
1
1
1
1
1
1
1
1
1
1
1
1
1
1
1
1
1
1
1
1
1
1
1
1
1
1
1
1
1
1
1
1
1
1
1
1
1
1
1
1
1
1
1
1
1
1
1
1
1
1
1
1
1
1
1
1
1
1
1
1
1
1
1
1
1
1
1
1
1
1
1
1
1
1
1
1
1
1
1
)
;

boundaryField
{
    inlet
    {
        type            fixedValue;
        value           uniform 1;
    }
    outlet
    {
        type            zeroGradient;
    }
    bottom
    {
        type            symmetryPlane;
    }
    top
    {
        type            symmetryPlane;
    }
    obstacle
    {
        type            zeroGradient;
    }
    defaultFaces
    {
        type            empty;
    }
}


// ************************************************************************* //
