/*--------------------------------*- C++ -*----------------------------------*\
| =========                 |                                                 |
| \\      /  F ield         | OpenFOAM: The Open Source CFD Toolbox           |
|  \\    /   O peration     | Version:  2206                                  |
|   \\  /    A nd           | Website:  www.openfoam.com                      |
|    \\/     M anipulation  |                                                 |
\*---------------------------------------------------------------------------*/
FoamFile
{
    version     2.0;
    format      ascii;
    arch        "LSB;label=32;scalar=64";
    class       volScalarField;
    location    "0.1";
    object      p;
}
// * * * * * * * * * * * * * * * * * * * * * * * * * * * * * * * * * * * * * //

dimensions      [1 -1 -2 0 0 0 0];

internalField   nonuniform List<scalar> 
4800
(
1
1
1
1
1
1
1
1
1
1
1
1
1
1
1
1
1
1
1
1
1
1
1
1
1
1
1
1
1
1
1
1
1
1
1
1
1
1
1
1
1
1
1
1
1
1
1
1
1
1
1
1
1
1
1
1
1
1
1
1
1
1
1
1
1
1
1
1
1
1
1
1
1
1
1
1
1
1
1
1
1
1
1
1
1
1
1
1
1
1
1
1
1
1
1
1
1
1
1
1
1
1
1
1
1
1
1
1
1
1
1
1
1
1
1
1
1
1
1
1
1
1
1
1
1
1
1
1
1
1
1
1
1
1
1
1
1
1
1
1
1
1
1
1
1
1
1
1
1
1
1
1
1
1
1
1
1
1
1
1
1
1
1
1
1
1
1
1
1
1
1
1
1
1
1
1
1
1
1
1
1
1
1
1
1
1
1
1
1
1
1
1
1
1
1
1
1
1
1
1
1
1
1
1
1
1
1
1
1
1
1
1
1
1
1
1
1
1
1
1
1
1
1
1
1
1
1
1
1
1
1
1
1
1
1
1
1
1
1
1
1
1
1
1
1
1
1
1
1
1
1
1
1
1
1
1
1
1
1
1
1
1
1
1
1
1
1
1
1
1
1
1
1
1
1
1
1
1
1
1
1
1
1
1
1
1
1
1
1
1
1
1
1
1
1
1
1
1
1
1
1
1
1
1
1
1
1
1
1
1
1
1
1
1
1
1
1
1
1
1
1
1
1
1
1
1
1
1
1
1
1
1
1
1
1
1
1
1
1
1
1
1
1
1
1
1
1
1
1
1
1
1
1
1
1
1
1
1
1
1
1
1
1
1
1
1
1
1
1
1
1
1
1
1
1
1
1
1
1
1
1
1
1
1
1
1
1
1
1
1
1
1
1
1
1
1
1
1
1
1
1
1
1
1
1
1
1
1
1
1
1
1
1
1
1
1
1
1
1
1
1
1
1
1
1
1
1
1
1
1
1
1
1
1
1
1
1
1
1
1
1
1
1
1
1
1
1
1
1
1
1
1
1
1
1
1
1
1
1
1
1
1
1
1
1
1
1
1
1
1
1
1
1
1
1
1
1
1
1
1
1
1
1
1
1
1
1
1
1
1
1
1
1
1
1
1
1
1
1
1
1
1
1
1
1
1
1
1
1
1
1
1
1
1
1
1
1
1
1
1
1
1
1
1
1
1
1
1
1
1
1
1
1
1
1
1
1
1
1
1
1
1
1
1
1
1
1
1
1
1
1
1
1
1
1
1
1
1
1
1
1
1
1
1
1
1
1
1
1
1
1
1
1
1
1
1
1
1
1
1
1
1
1
1
1
1
1
1
1
1
1
1
1
1
1
1
1
1
1
1
1
1
1
1
1
1
1
1
1
1
1
1
1
1
1
1
1
1
1
1
1
1
1
1
1
1
1
1
1
1
1
1
1
1
1
1
1
1
1
1
1
1
1
1
1
1
1
1
1
1
1
1
1
1
1
1
1
1
1
1
1
1
1
1
1
1
1
1
1
1
1
1
1
1
1
1
1
1
1
1
1
1
1
1
1
1
1
1
1
1
1
1
1
1
1
1
1
1
1
1
1
1
1
1
1
1
1
1
1
1
1
1
1
1
1
1
1
1
1
1
1
1
1
1
1
1
1
1
1
1
1
1
1
1
1
1
1
1
1
1
1
1
1
1
1
1
1
1
1
1
1
1
1
1
1
1
1
1
1
1
1
1
1
1
1
1
1
1
1
1
1
1
1
1
1
1
1
1
1
1
1
1
1
1
1
1
1
1
1
1
1
1
1
1
1
1
1
1
1
1
1
1
1
1
1
1
1
1
1
1
1
1
1
1
1
1
1
1
1
1
1
1
1
1
1
1
1
1
1
1
1
1
1
1
1
1
1
1
1
1
1
1
1
1
1
1
1
1
1
1
1
1
1
1
1
1
1
1
1
1
1
1
1
1
1
1
1
1
1
1
1
1
1
1
1
1
1
1
1
1
1
1
1
1
1
1
1
1
1
1
1
1
1
1
1
1
1
1
1
1
1
1
1
1
1
1
1
1
1
1
1
1
1
1
1
1
1
1
1
1
1
1
1
1
1
1
1
1
1
1
1
1
1
1
1
1
1
1
1
1
1
1
1
1
1
1
1
1
1
1
1
1
1
1
1
1
1
1
1
1
1
1
1
1
1
1
1
1
1
1
1
1
1
1
1
1
1
1
1
1
1
1
1
1
1
1
1
1
1
1
1
1
1
1
1
1
1
1
1
1
1
1
1
1
1
1
1
1
1
1
1
1
1
1
1
1
1
1
1
1
1
1
1
1
1
1
1
1
1
1
1
1
1
1
1
1
1
1
1
1
1
1
1
1
1
1
1
1
1
1
1
1
1
1
1
1
1
1
1
1
1
1
1
1
1
1
1
1
1
1
1
1
1
1
1
1
1
1
1
1
1
1
1
1
1
1
1
1
1
1
1
1
1
1
1
1
1
1
1
1
1
1
1
1
1
1
1
1
1
1
1
1
1
1
1
1
1
1
1
1
1
1
1
1
1
1
1
1
1
1
1
1
1
1
1
1
1
1
1
1
1
1
1
1
1
1
1
1
1
1
1
1
1
1
1
1
1
1
1
1
1
1
1
1
1
1
1
1
1
1
1
1
1
1
1
1
1
1
1
1
1
1
1
1
1
1
1
1
1
1
1
1
1
1
1
1
1
1
1
1
1
1
1
1
1
1
1
1
1
1
1
1
1
1
1
1
1
1
1
1
1
1
1
1
1
1
1
1
1
1
1
1
1
1
1
1
1
1
1
1
1
1
1
1
1
1
1
1
1
1
1
1
1
1
1
1
1
1
1
1
1
1
1
1
1
1
1
1
1
1
1
1
1
1
1
1
1
1
1
1
1
1
1
1
1
1
1
1
1
1
1
1
1
1
1
1
1
1
1
1
1
1
1
1
1
1
1
1
1
1
1
1
1
1
1
1
1
1
1
1
1
1
1
1
1
1
1
1
1
1
1
1
1
1
1
1
1
1
1
1
1
1
1
1
1
1
1
1
1
1
1
1
1
1
1
1
1
1
1
1
1
1
1
1
1
1
1
1
1
1
1
1
1
1
1
1
1
1
1
1
1
1
1
1
1
1
1
1
1
1
1
1
1
1
1
1
1
1
1
1
1
1
1
1
1
1
1
1
1
1
1
1
1
1
1
1
1
1
1
1
1
1
1
1
1
1
1
1
1
1
1
1
1
1
1
1
1
1
1
1
1
1
1
1
1
1
1
1
1
1
1
1
1
1
1
1
1
1
1
1
1
1
1
1
1
1
1
1
1
1
1
1
1
1
1
1
1
1
1
1
1
1
1
1
1
1
1
1
1
1
1
1
1
1
1
1
1
1
1
1
1
1
1
1
1
1
1
1
1
1
1
1
1
1
1
1
1
1
1
1
1
1
1
1
1
1
1
1
1
1
1
1
1
1
1
1
1
1
1
1
1
1
1
1
1
1
1
1
1
1
1
1
1
1
1
1
1
1
1
1
1
1
1
1
1
1
1
1
1
1
1
1
1
1
1
1
1
1
1
1
1
1
1
1
1
1
1
1
1
1
1
1
1
1
1
1
1
1
1
1
1.2552
1.65569
2.13415
2.7149
3.3731
4.01421
4.69303
5.77522
6.76454
7.24331
7.722
8.80467
10.1933
10.5144
10.4916
10.8204
11.396
11.4288
11.0806
10.9364
10.8077
10.4535
9.70462
8.71864
7.58732
6.94651
6.92899
6.95911
6.86742
6.53686
6.4168
6.43243
6.48672
6.56538
6.63702
6.74589
6.96594
7.1793
7.21212
7.17653
7.09096
7.03031
7.0289
7.05737
7.1051
7.21081
7.34415
7.41848
7.42888
7.40075
7.28836
7.13124
7.0725
7.07411
7.11148
7.21175
7.3427
7.40623
7.41603
7.40017
7.35255
7.29283
7.20151
7.10095
7.05521
7.06032
7.13742
7.32196
7.46962
7.51951
7.51158
7.45518
7.3243
7.12791
7.01387
6.98959
7.00701
7.10451
7.34342
7.56462
1
1
0.999999
0.999998
0.998342
1.01997
1.00468
0.996971
1.16031
1.52374
1.73324
1.97412
2.48445
3.24309
3.78562
4.17123
5.03448
5.89613
6.2702
6.70055
7.36684
7.47485
7.40055
7.65585
7.83924
7.85548
7.93653
8.02384
7.92872
7.55496
7.35004
7.32584
7.28222
7.18223
7.00482
6.88141
6.90003
6.90727
6.91763
6.94865
7.01631
7.06208
7.10198
7.1085
7.09676
7.10181
7.13143
7.20637
7.27385
7.29022
7.27122
7.21717
7.21449
7.2307
7.24128
7.23033
7.21765
7.22147
7.26981
7.31084
7.32007
7.30408
7.28305
7.25877
7.22056
7.19779
7.2144
7.23024
7.2478
7.31472
7.37448
7.37167
7.31245
7.28128
7.25591
7.22108
7.22313
7.26216
7.30074
7.31558
1
1
1
1
1
0.999997
1.00001
0.999997
0.999994
1
1
1
1
0.997515
1.02132
1.06349
1.22529
1.75675
2.34211
2.86961
3.87434
5.11011
6.64043
7.76199
8.24804
8.62531
8.90329
8.86029
8.6825
8.39284
8.20138
8.11234
7.97394
7.67285
7.25699
6.89187
6.8099
6.81955
6.86451
6.93866
7.03028
7.13351
7.19402
7.19635
7.15922
7.07775
7.05707
7.05509
7.06406
7.10578
7.2094
7.28416
7.30165
7.31842
7.32074
7.29775
7.21829
7.14756
7.1376
7.15952
7.25256
7.34354
7.35193
7.34986
7.3512
7.3276
7.26557
7.19039
7.15402
7.14227
7.16641
7.28485
7.39496
7.43136
7.44419
7.44379
7.41344
7.36847
7.30332
7.205
1
1
1
1
1
1
1
1
1
1
1
1
1
1
1
1
1
1
0.999998
0.997664
1.02415
1.24779
1.7298
2.67458
4.1182
5.22142
6.50272
7.05661
7.30917
7.57069
7.64053
7.74959
7.7988
7.94777
7.92496
7.69356
7.32683
7.1605
7.11937
7.13454
7.23421
7.22698
7.18732
7.10487
6.98811
6.93464
6.93359
6.94757
6.96929
7.0151
7.11476
7.24914
7.36388
7.40967
7.40183
7.34831
7.21528
7.07208
7.04723
7.07273
7.1436
7.2778
7.40023
7.44628
7.45109
7.42487
7.3331
7.19652
7.09692
7.07084
7.07921
7.1559
7.33188
7.4843
7.53116
7.52779
7.49576
7.42293
7.23176
7.10182
1
1
1
1
1
1
1
1
1
1
1
1
1
1
1
1
1
1
1
1
0.999997
1
1
0.997644
1.08619
1.29515
1.65265
2.55685
3.67103
4.85982
5.95785
6.69031
7.68398
8.16452
8.17233
8.12324
7.98151
7.81144
7.63292
7.46541
7.23377
7.10863
7.06222
7.05948
7.06475
7.03217
7.01308
7.001
6.98364
6.9861
7.03172
7.11651
7.2265
7.33948
7.36424
7.33969
7.27693
7.18878
7.13761
7.13515
7.14599
7.19861
7.32919
7.4346
7.46979
7.46854
7.38162
7.2244
7.12841
7.10649
7.11592
7.14844
7.21174
7.31746
7.44222
7.52555
7.52859
7.4474
7.31904
7.19349
1
1
1
1
1
1
1
1
1
1
1
1
1
1
1
1
1
1
1
1
1
1
1
1
1
0.999997
0.999999
0.99778
1.02644
1.16048
1.81728
2.71099
3.65836
4.86067
5.66438
6.66336
7.31001
7.41788
7.42247
7.283
7.29596
7.25461
7.19696
7.20805
7.29738
7.37495
7.37717
7.31984
7.20496
7.02819
6.88464
6.87944
6.90854
7.01754
7.20225
7.29368
7.30025
7.29752
7.26779
7.23238
7.21926
7.21305
7.23393
7.28158
7.32678
7.35975
7.36228
7.34974
7.3171
7.26267
7.24642
7.23308
7.22334
7.21922
7.23349
7.27517
7.33592
7.36771
7.35265
7.31415
1
1
1
1
1
1
1
1
1
1
1
1
1
1
1
1
1
1
1
1
1
1
1
1
1
1
1
1
0.999999
1
0.999998
0.99772
1.02098
1.28121
1.80236
2.53436
3.75094
4.88596
6.32026
7.07147
7.41239
7.48229
7.37955
7.33171
7.41577
7.56308
7.6042
7.54254
7.37837
7.10118
6.90631
6.87762
6.8902
6.97599
7.12612
7.24603
7.30016
7.31469
7.30773
7.262
7.22718
7.19706
7.15469
7.12168
7.13166
7.17718
7.27747
7.37407
7.41975
7.455
7.46847
7.42776
7.26452
7.15695
7.1037
7.08589
7.10352
7.22097
7.35358
7.41765
1
1
1
1
1
1
1
1
1
1
1
1
1
1
1
1
1
1
1
1
1
1
1
1
1
1
1
1
1
1
1
1
0.999997
1
0.999842
0.997354
1.10409
1.4004
1.89432
2.96889
4.13417
5.53844
6.01285
6.32634
6.7519
6.9832
7.22533
7.3168
7.3723
7.33644
7.21505
7.09335
7.03957
7.03669
7.09689
7.18571
7.22768
7.24524
7.27068
7.3179
7.3195
7.27689
7.16095
7.07259
7.0611
7.07254
7.12298
7.2814
7.46651
7.53101
7.54372
7.53445
7.40448
7.12859
7.03353
7.03181
7.05705
7.15028
7.36331
7.48623
1
1
1
1
1
1
1
1
1
1
1
1
1
1
1
1
1
1
1
1
1
1
1
1
1
1
1
1
1
1
1
1
1
1
1
1
1
1
0.998482
1.01988
1.11601
1.44206
2.35031
3.33669
4.43027
5.34757
6.18502
7.06314
7.24371
7.2703
7.31753
7.3123
7.2631
7.16078
7.07379
6.99521
6.96055
6.98779
7.11927
7.26805
7.34073
7.35721
7.33652
7.2274
7.08283
7.05895
7.08293
7.14749
7.2999
7.47796
7.53634
7.52935
7.47808
7.34711
7.13608
7.05862
7.07225
7.15528
7.25602
7.36888
1
1
1
1
1
1
1
1
1
1
1
1
1
1
1
1
1
1
1
1
1
1
1
1
1
1
1
1
1
1
1
1
1
1
1
1
1
1
1
1
1
0.999922
1.00051
1.02873
1.19766
1.91477
2.73342
3.89735
4.80651
5.63092
6.65419
7.07173
7.07899
7.15234
7.17501
7.04217
6.86248
6.84865
6.95351
7.19277
7.36139
7.38371
7.37391
7.37204
7.33359
7.20453
7.10229
7.0856
7.11451
7.20567
7.31433
7.39447
7.41826
7.38763
7.36324
7.32169
7.28405
7.26475
7.27004
7.29216
1
1
1
1
1
1
1
1
1
1
1
1
1
1
1
1
1
1
1
1
1
1
1
1
1
1
1
1
1
1
1
1
1
1
1
1
1
1
1
1
1
1
1
1
1
0.998938
1.00431
1.10776
1.59305
2.25487
3.39608
4.61638
5.76717
6.72509
7.13302
7.17307
6.97791
6.78436
6.83046
7.03971
7.30106
7.36724
7.38205
7.41261
7.43944
7.41346
7.29513
7.18036
7.11726
7.08684
7.08818
7.10592
7.16366
7.32143
7.43345
7.50035
7.53856
7.53643
7.45173
7.24825
1
1
1
1
1
1
1
1
1
1
1
1
1
1
1
1
1
1
1
1
1
1
1
1
1
1
1
1
1
1
1
1
1
1
1
1
1
1
1
1
1
1
1
1
1
1
1
1
0.999892
0.997624
1.08685
1.53515
2.18719
3.18593
4.30359
5.89639
6.74171
6.6568
6.66515
6.96396
7.04352
6.97009
6.98622
7.13741
7.33608
7.39118
7.37058
7.35699
7.34489
7.2271
7.05199
7.03776
7.07581
7.13522
7.32661
7.51063
7.55931
7.56287
7.53356
7.36108
1
1
1
1
1
1
1
1
1
1
1
1
1
1
1
1
1
1
1
1
1
1
1
1
1
1
1
1
1
1
1
1
1
1
1
1
1
1
1
1
1
1
1
1
1
1
1
1
1
1
1
0.999987
0.998133
1.07338
1.30251
1.93321
3.29745
4.63544
5.82236
6.72902
6.97162
6.79983
6.59758
6.6775
6.8902
7.26584
7.45477
7.49134
7.51465
7.51099
7.37396
7.1409
7.05233
7.06417
7.13818
7.24213
7.35807
7.44093
7.45823
7.38658
1
1
1
1
1
1
1
1
1
1
1
1
1
1
1
1
1
1
1
1
1
1
1
1
1
1
1
1
1
1
1
1
1
1
1
1
1
1
1
1
1
1
1
1
1
1
1
1
1
1
1
1
1
1
0.999799
0.998011
1.12474
1.556
2.12299
3.12922
4.93275
6.45976
6.55543
6.55799
6.60883
6.85007
7.21824
7.4024
7.48922
7.5166
7.49983
7.38855
7.28056
7.22023
7.16527
7.14451
7.18275
7.21536
7.23905
7.28015
1
1
1
1
1
1
1
1
1
1
1
1
1
1
1
1
1
1
1
1
1
1
1
1
1
1
1
1
1
1
1
1
1
1
1
1
1
1
1
1
1
1
1
1
1
1
1
1
1
1
1
1
1
1
1
1
1
0.999288
1.00183
1.06941
1.40857
2.67407
4.10085
5.29993
6.10352
6.53872
6.66892
6.74649
6.91491
7.28571
7.42657
7.46808
7.46681
7.45643
7.41009
7.29798
7.16232
7.12201
7.11949
7.15639
1
1
1
1
1
1
1
1
1
1
1
1
1
1
1
1
1
1
1
1
1
1
1
1
1
1
1
1
1
1
1
1
1
1
1
1
1
1
1
1
1
1
1
1
1
1
1
1
1
1
1
1
1
1
1
1
1
1
1
1
0.998931
1.0498
1.30224
1.6885
2.68843
4.76384
6.12993
6.40785
6.58554
6.70631
6.95359
7.33083
7.45732
7.46235
7.45769
7.43476
7.39774
7.33795
7.23377
7.1545
1
1
1
1
1
1
1
1
1
1
1
1
1
1
1
1
1
1
1
1
1
1
1
1
1
1
1
1
1
1
1
1
1
1
1
1
1
1
1
1
1
1
1
1
1
1
1
1
1
1
1
1
1
1
1
1
1
1
1
1
1
1
0.999906
0.999156
1.05283
1.39111
2.51026
4.12446
5.81747
6.09759
6.36741
6.8293
7.10116
7.08732
7.15737
7.31528
7.46053
7.4776
7.43397
7.32988
1
1
1
1
1
1
1
1
1
1
1
1
1
1
1
1
1
1
1
1
1
1
1
1
1
1
1
1
1
1
1
1
1
1
1
1
1
1
1
1
1
1
1
1
1
1
1
1
1
1
1
1
1
1
1
1
1
1
1
1
1
1
1
1
1
0.999047
1.04727
1.2746
1.96212
3.31234
4.95759
6.44287
6.78759
6.79616
6.72258
6.80519
7.1444
7.40139
7.41044
7.38955
1
1
1
1
1
1
1
1
1
1
1
1
1
1
1
1
1
1
1
1
1
1
1
1
1
1
1
1
1
1
1
1
1
1
1
1
1
1
1
1
1
1
1
1
1
1
1
1
1
1
1
1
1
1
1
1
1
1
1
1
1
1
1
1
1
0.999999
1
0.99947
1.00617
1.15388
1.64141
2.92878
5.1345
6.81632
6.79348
6.76341
6.936
7.18128
7.16283
7.11971
1
1
1
1
1
1
1
1
1
1
1
1
1
1
1
1
1
1
1
1
1
1
1
1
1
1
1
1
1
1
1
1
1
1
1
1
1
1
1
1
1
1
1
1
1
1
1
1
1
1
1
1
1
1
1
1
1
1
1
1
1
1
1
1
1
1
1
0.999994
0.999996
0.99971
1.0023
1.11255
1.73271
3.48598
5.19789
6.29353
7.10168
7.26736
7.19379
6.9634
1
1
1
1
1
1
1
1
1
1
1
1
1
1
1
1
1
1
1
1
1
1
1
1
1
1
1
1
1
1
1
1
1
1
1
1
1
1
1
1
1
1
1
1
1
1
1
1
1
1
1
1
1
1
1
1
1
1
1
1
1
1
1
1
1
1
1
1
1
0.999994
0.999994
0.99979
1.00434
1.2094
2.11075
3.26059
4.89272
6.59471
7.26877
7.2405
1
1
1
1
1
1
1
1
1
1
1
1
1
1
1
1
1
1
1
1
1
1
1
1
1
1
1
1
1
1
1
1
1
1
1
1
1
1
1
1
1
1
1
1
1
1
1
1
1
1
1
1
1
1
1
1
1
1
1
1
1
1
1
1
1
1
1
1
1
1
1
0.999994
0.99998
1.00003
1.01411
1.19328
1.74093
3.16483
5.41428
7.05957
1
1
1
1
1
1
1
1
1
1
1
1
1
1
1
1
1
1
1
1
1
1
1
1
1
1
1
1
1
1
1
1
1
1
1
1
1
1
1
1
1
1
1
1
1
1
1
1
1
1
1
1
1
1
1
1
1
1
1
1
1
1
1
1
1
1
1
1
1
1
1
1
1
0.999999
0.999998
1.0001
1.0042
1.21619
2.29482
5.14287
1
1
1
1
1
1
1
1
1
1
1
1
1
1
1
1
1
1
1
1
1
1
1
1
1
1
1
1
1
1
1
1
1
1
1
1
1
1
1
1
1
1
1
1
1
1
1
1
1
1
1
1
1
1
1
1
1
1
1
1
1
1
1
1
1
1
1
1
1
1
1
1
1
1
1
1
0.99999
1.00097
1.04806
2.46731
1
1
1
1
1
1
1
1
1
1
1
1
1
1
1
1
1
1
1
1
1
1
1
1
1
1
1
1
1
1
1
1
1
1
1
1
1
1
1
1
1
1
1
1
1
1
1
1
1
1
1
1
1
1
1
1
1
1
1
1
1
1
1
1
1
1
1
1
1
1
1
1
1
1
1
1
0.999999
0.999993
1.00014
1.12612
1
1
1
1
1
1
1
1
1
1
1
1
1
1
1
1
1
1
1
1
1
1
1
1
1
1
1
1
1
1
1
1
1
1
1
1
1
1
1
1
1
1
1
1
1
1
1
1
1
1
1
1
1
1
1
1
1
1
1
1
1
1
1
1
1
1
1
1
1
1
1
1
1
1
1
1
1
0.999999
0.999999
1.00113
1
1
1
1
1
1
1
1
1
1
1
1
1
1
1
1
1
1
1
1
1
1
1
1
1
1
1
1
1
1
1
1
1
1
1
1
1
1
1
1
1
1
1
1
1
1
1
1
1
1
1
1
1
1
1
1
1
1
1
1
1
1
1
1
1
1
1
1
1
1
1
1
1
1
1
1
1
1
1
1
1
1
1
1
1
1
1
1
1
1
1
1
1
1
1
1
1
1
1
1
1
1
1
1
1
1
1
1
1
1
1
1
1
1
1
1
1
1
1
1
1
1
1
1
1
1
1
1
1
1
1
1
1
1
1
1
1
1
1
1
1
1
1
1
1
1
1
1
1
1
1
1
1
1
1
1
1
1
1
1
1
1
1
1
1
1
1
1
1
1
1
1
1
1
1
1
1
1
1
1
1
1
1
1
1
1
1
1
1
1
1
1
1
1
1
1
1
1
1
1
1
1
1
1
1
1
1
1
1
1
1
1
1
1
1
1
1
1
1
1
1
1
1
1
1
1
1
1
1
1
1
1
1
1
1
1
1
1
1
1
1
1
1
1
1
1
1
1
1
1
1
1
1
1
1
1
1
1
1
1
1
1
1
1
1
1
1
1
1
1
1
1
1
1
1
1
1
1
1
1
1
1
1
1
1
1
1
1
1
1
1
1
1
1
1
1
1
1
1
1
1
1
1
1
1
1
1
1
1
1
1
1
1
1
1
1
1
1
1
1
1
1
1
1
1
1
1
1
1
1
1
1
1
1
1
1
1
1
1
1
1
1
1
1
1
1
1
1
1
1
1
1
1
1
1
1
1
1
1
1
1
1
1
1
1
1
1
1
1
1
1
1
1
1
1
1
1
1
1
1
1
1
1
1
1
1
1
1
1
1
1
1
1
1
1
1
1
1
1
1
1
1
1
1
1
1
1
1
1
1
1
1
1
1
1
1
1
1
1
1
1
1
1
1
1
1
1
1
1
1
1
1
1
1
1
1
1
1
1
1
1
1
1
1
1
1
1
1
1
1
1
1
1
1
1
1
1
1
1
1
1
1
1
1
1
1
1
1
1
1
1
1
1
1
1
1
1
1
1
1
1
1
1
1
1
1
1
1
1
1
1
1
1
1
1
1
1
1
1
1
1
1
1
1
1
1
1
1
1
1
1
1
1
1
1
1
1
1
1
1
1
1
1
1
1
1
1
1
1
1
1
1
1
1
1
1
1
1
1
1
1
1
1
1
1
1
1
1
1
1
1
1
1
1
1
1
1
1
1
1
1
1
1
1
1
1
1
1
1
1
1
1
1
1
1
1
1
1
1
1
1
1
1
1
1
1
1
1
1
1
1
1
1
1
1
1
1
1
1
1
1
1
1
1
1
1
1
1
1
1
1
1
1
1
1
1
1
1
1
1
1
1
1
1
1
1
1
1
1
1
1
1
1
1
1
1
1
1
1
1
1
1
1
1
1
1
1
1
1
1
1
1
1
1
1
1
1
1
1
1
1
1
1
1
1
1
1
1
1
1
1
1
1
1
1
1
1
1
1
1
1
1
1
1
1
1
1
1
1
1
1
1
1
1
1
1
1
1
1
1
1
1
1
1
1
1
1
1
1
1
1
1
1
1
1
1
1
1
1
1
1
1
1
1
1
1
1
1
1
1
1
1
1
1
1
1
1
1
1
1
1
1
1
1
1
1
1
1
1
1
1
1
1
1
1
1
1
1
1
1
1
1
1
1
1
1
1
1
1
1
1
1
1
1
1
1
1
1
1
1
1
1
1
1
1
1
1
1
1
1
1
1
1
1
1
1
1
1
1
1
1
1
1
1
1
1
1
1
1
1
1
1
1
1
1
1
1
1
1
1
1
1
1
1
1
1
1
1
1
1
1
1
1
1
1
1
1
1
1
1
1
1
1
1
1
1
1
1
1
1
1
1
1
1
1
1
1
1
1
1
1
1
1
1
1
1
1
1
1
1
1
1
1
1
1
1
1
1
1
1
1
1
1
1
1
1
1
1
1
1
1
1
1
1
1
1
1
1
1
1
1
1
1
1
1
1
1
1
1
1
1
1
1
1
1
1
1
1
1
1
1
1
1
1
1
1
1
1
1
1
1
1
1
1
1
1
1
1
1
1
1
1
1
1
1
1
1
1
1
1
1
1
1
1
1
1
1
1
1
1
1
1
1
1
1
1
1
1
1
1
1
1
1
1
1
1
1
1
1
1
1
1
1
1
1
1
1
1
1
1
1
1
1
1
1
1
1
1
1
1
1
1
1
1
1
1
1
1
1
1
1
1
1
1
1
1
1
1
1
1
1
1
1
1
1
1
1
1
1
1
1
1
1
1
1
1
1
1
1
1
1
1
1
1
1
1
1
1
1
1
1
1
1
1
1
1
1
1
1
1
1
1
1
1
1
1
1
1
1
1
1
1
1
1
1
1
1
1
1
1
1
1
1
1
1
1
1
1
1
1
1
1
1
1
1
1
1
1
1
1
1
1
1
1
1
1
1
1
1
1
1
1
1
1
1
1
1
1
1
1
)
;

boundaryField
{
    inlet
    {
        type            fixedValue;
        value           uniform 1;
    }
    outlet
    {
        type            zeroGradient;
    }
    bottom
    {
        type            symmetryPlane;
    }
    top
    {
        type            symmetryPlane;
    }
    obstacle
    {
        type            zeroGradient;
    }
    defaultFaces
    {
        type            empty;
    }
}


// ************************************************************************* //
