/*--------------------------------*- C++ -*----------------------------------*\
| =========                 |                                                 |
| \\      /  F ield         | OpenFOAM: The Open Source CFD Toolbox           |
|  \\    /   O peration     | Version:  2206                                  |
|   \\  /    A nd           | Website:  www.openfoam.com                      |
|    \\/     M anipulation  |                                                 |
\*---------------------------------------------------------------------------*/
FoamFile
{
    version     2.0;
    format      ascii;
    arch        "LSB;label=32;scalar=64";
    class       volScalarField;
    location    "0.2";
    object      T;
}
// * * * * * * * * * * * * * * * * * * * * * * * * * * * * * * * * * * * * * //

dimensions      [0 0 0 1 0 0 0];

internalField   nonuniform List<scalar> 
4800
(
1
1
1
1
1
1
1
1
1
1
1
1
1
1
1
1
1
1
1
1
1
1
1
1
1
1
1
1
1
1
1
1
1
1
1
1
1
1
1
1
1
1
1
1
1
1
1
1
1
1
1
1
1
1
1
1
1
1
1
1
1
1
1
1
1
1
1
1
1
1
1
1
1
1
1
1
1
1
1
1
1
1
1
1
1
1
1
1
1
1
1
1
1
1
1
1
1
1
1
1
1
1
1
1
1
1
1
1
1
1
1
1
1
1
1
1
1
1
1
1
1
1
1
1
1
1
1
1
1
1
1
1
1
1
1
1
1
1
1
1
1
1
1
1
1
1
1
1
1
1
1
1
1
1
1
1
1
1
1
1
1
1
1
1
1
1
1
1
1
1
1
1
1
1
1
1
1
1
1
1
1
1
1
1
1
1
1
1
1
1
1
1
1
1
1
1
1
1
1
1
1
1
1
1
1
1
1
1
1
1
1
1
1
1
1
1
1
1
1
1
1
1
1
1
1
1
1
1
1
1
1
1
1
1
1
1
1
1
1
1
1
1
1
1
1
1
1
1
1
1
1
1
1
1
1
1
1
1
1
1
1
1
1
1
1
1
1
1
1
1
1
1
1
1
1
1
1
1
1
1
1
1
1
1
1
1
1
1
1
1
1
1
1
1
1
1
1
1
1
1
1
1
1
1
1
1
1
1
1
1
1
1
1
1
1
1
1
1
1
1
1
1
1
1
1
1
1
1
1
1
1
1
1
1
1
1
1
1
1
1
1
1
1
1
1
1
1
1
1
1
1
1
1
1
1
1
1
1
1
1
1
1
1
1
1
1
1
1
1
1
1
1
1
1
1
1
1
1
1
1
1
1
1
1
1
1
1
1
1
1
1
1
1
1
1
1
1
1
1
1
1
1
1
1
1
1
1
1
1
1
1
1
1
1
1
1
1
1
1
1
1
1
1
1
1
1
1
1
1
1
1
1
1
1
1
1
1
1
1
1
1
1
1
1
1
1
1
1
1
1
1
1
1
1
1
1
1
1
1
1
1
1
1
1
1
1
1
1
1
1
1
1
1
1
1
1
1
1
1
1
1
1
1
1
1
1
1
1
1
1
1
1
1
1
1
1
1
1
1
1
1
1
1
1
1
1
1
1
1
1
1
1
1
1
1
1
1
1
1
1
1
1
1
1
1
1
1
1
1
1
1
1
1
1
1
1
1
1
1
1
1
1
1
1
1
1
1
1
1
1
1
1
1
1
1
1
1
1
1
1
1
1
1
1
1
1
1
1
1
1
1
1
1
1
1
1
1
1
1
1
1
1
1
1
1
1
1
1
1
1
1
1
1
1
1
1
1
1
1
1
1
1
1
1
1
1
1
1
1
1
1
1
1
1
1
1
1
1
1
1
1
1
1
1
1
1
1
1
1
1
1
1
1
1
1
1
1
1
1
1
1
1
1
1
1
1
1
1
1
1
1
1
1
1
1
1
1
1
1
1
1
1
1
1
1
1
1
1
1
1
1
1
1
1
1
1
1
1
1
1
1
1
1
1
1
1
1
1
1
1
1
1
1
1
1
1
1
1
1
1
1
1
1
1
1
1
1
1
1
1
1
1
1
1
1
1
1
1
1
1
1
1
1
1
1
1
1
1
1
1
1
1
1
1
1
1
1
1
1
1
1
1
1
1
1
1
1
1
1
1
1
1
1
1
1
1
1
1
1
1
1
1
1
1
1
1
1
1
1
1
1
1
1
1
1
1
1
1
1
1
1
1
1
1
1
1
1
1
1
1
1
1
1
1
1
1
1
1
1
1
1
1
1
1
1
1
1
1
1
1
1
1
1
1
1
1
1
1
1
1
1
1
1
1
1
1
1
1
1
1
1
1
1
1
1
1
1
1
1
1
1
1
1
1
1
1
1
1
1
1
1
1
1
1
1
1
1
1
1
1
1
1
1
1
1
1
1
1
1
1
1
1
1
1
1
1
1
1
1
1
1
1
1
1
1
1
1
1
1
1
1
1
1
1
1
1
1
1
1
1
1
1
1
1
1
1
1
1
1
1
1
1
1
1
1
1
1
1
1
1
1
1
1
1
1
1
1
1
1
1
1
1
1
1
1
1
1
1
1
1
1
1
1
1
1
1
1
1
1
1
1
1
1
1
1
1
1
1
1
1
1
1
1
1
1
1
1
1
1
1
1
1
1
1
1
1
1
1
1
1
1
1
1
1
1
1
1
1
1
1
1
1
1
1
1
1
1
1
1
1
1
1
1
1
1
1
1
1
1
1
1
1
1
1
1
1
1
1
1
1
1
1
1
1
1
1
1
1
1
1
1
1
1
1
1
1
1
1
1
1
1
1
1
1
1
1
1
1
1
1
1
1
1
1
1
1
1
1
1
1
1
1
1
1
1
1
1
1
1
1
1
1
1
1
1
1
1
1
1
1
1
1
1
1
1
1
1
1
1
1
1
1
1
1
1
1
1
1
1
1
1
1
1
1
1
1
1
1
1
1
1
1
1
1
1
1
1
1
1
1
1
1
1
1
1
1
1
1
1
1
1
1
1
1
1
1
1
1
1
1
1
1
1
1
1
1
1
1
1
1
1
1
1
1
1
1
1
1
1
1
1
1
1
1
1
1
1
1
1
1
1
1
1
1
1
1
1
1
1
1
1
1
1
1
1
1
1
1
1
1
1
1
1
1
1
1
1
1
1
1
1
1
1
1
1
1
1
1
1
1
1
1
1
1
1
1
1
1
1
1
1
1
1
1
1
1
1
1
1
1
1
1
1
1
1
1
1
1
1
1
1
1
1
1
1
1
1
1
1
1
1
1
1
1
1
1
1
1
1
1
1
1
1
1
1
1
1
1
1
1
1
1
1
1
1
1
1
1
1
1
1
1
1
1
1
1
1
1
1
1
1
1
1
1
1
1
1
1
1
1
1
1
1
1
1
1
1
1
1
1
1
1
1
1
1
1
1
1
1
1
1
1
1
1
1
1
1
1
1
1
1
1
1
1
1
1
1
1
1
1
1
1
1
1
1
1
1
1
1
1
1
1
1
1
1
1
1
1
1
1
1
1
1
1
1
1
1
1
1
1
1
1
1
1
1
1
1
1
1
1
1
1
1
1
1
1
1
1
1
1
1
1
1
1
1
1
1
1
1
1
1
1
1
1
1
1
1
1
1
1
1
1
1
1
1
1
1
1
1
1
1
1
1
1
1
1
1
1
1
1
1
1
1
1
1
1
1
1
1
1
1
1
1
1
1
1
1
1
1
1
1
1
1
1
1
1
1
1
1
1
1
1
1
1
1
1
1
1
1
1
1
1
1
1
1
1
1
1
1
1
1
1
1
1
1
1
1
1
1
1
1
1
1
1
1
1
1
1
1
1
1
1
1
1
1
1
1
1
1
1
1
1
1
1
1
1
1
1
1
1
1
1
1
1
1
1
1
1
1
1
1
1
1
1
1
1
1
1
1
1
1
1
1
1
1
1
1
1
1
1
1
1
1
1
1
1
1
1
1
1
1
1
1
1
1
1
1
1
1
1
1
1
1
1
1
1
1
1
1
1
1
1
1
1
1
1
1
1
1
1
1
1
1
1
1
1
1
1
1
1
1.06952
1.16002
1.25959
1.35578
1.4413
1.52977
1.65223
1.76509
1.82828
1.88326
1.97891
2.10029
2.14854
2.16104
2.19017
2.23196
2.24164
2.23054
2.2144
2.19638
2.16701
2.11902
2.0443
1.98527
1.97277
1.96179
1.93464
1.92527
1.92972
1.93831
1.9416
1.94608
1.95187
1.96222
1.98135
1.99519
1.99511
1.99022
1.98286
1.98099
1.98326
1.98918
1.99813
2.0083
2.0127
2.01259
2.01028
2.00331
1.99325
1.98988
1.99046
1.99559
2.00774
2.0175
2.02021
2.01967
2.015
2.00792
2.00127
1.99694
1.99598
1.99714
2.00317
2.01401
2.02204
2.0257
2.02595
2.02343
2.01667
2.00549
1.99547
1.99244
1.99312
1.99834
2.01068
2.02553
2.03263
2.03356
2.03175
2.0221
1
1
1
0.999574
1.00672
1.00396
1.00024
1.06203
1.19114
1.25358
1.3162
1.4381
1.57828
1.63619
1.66422
1.74414
1.81892
1.86072
1.89648
1.93111
1.94592
1.96259
1.99088
2.03036
2.0634
2.0654
2.05765
2.03553
2.0267
2.02256
2.01274
2.0054
1.99269
1.98921
1.99172
1.99484
1.99373
1.99055
1.99088
1.99333
1.99744
2.00113
2.00288
2.0045
2.00909
2.01296
2.01353
2.01187
2.00901
2.00827
2.0085
2.00956
2.01057
2.01165
2.01515
2.01716
2.017
2.01526
2.01455
2.01465
2.0146
2.01422
2.01316
2.01252
2.01305
2.01709
2.02135
2.02192
2.0192
2.01536
2.01325
2.01085
2.01083
2.01437
2.0179
2.01884
2.02051
2.02209
2.02221
2.02123
1
1
1
1
0.999999
1
0.999999
0.999999
1
1
1
0.999517
1.00012
1.01905
1.04359
1.12277
1.31643
1.44923
1.56873
1.72743
1.89505
2.04511
2.0926
2.1616
2.17534
2.16951
2.15619
2.13688
2.11987
2.10709
2.09222
2.05636
2.03187
2.01568
2.01417
2.01484
2.01632
2.01835
2.02258
2.02922
2.03138
2.03088
2.02855
2.02531
2.02422
2.02438
2.027
2.03239
2.03515
2.03582
2.03625
2.03597
2.03231
2.02736
2.02485
2.02479
2.0284
2.03517
2.03861
2.03899
2.03858
2.03642
2.03164
2.02511
2.02156
2.02056
2.02132
2.02755
2.03472
2.03668
2.03627
2.03474
2.0332
2.03262
2.03156
2.02713
2.02201
2.01887
2.01837
2.02301
1
1
1
1
1
1
1
1
1
1
1
1
1
1
1
1
1
0.999371
1.00135
1.05005
1.17677
1.43256
1.68088
1.84577
2.00388
2.05352
2.08307
2.11288
2.11025
2.10905
2.11023
2.11343
2.10847
2.10267
2.09062
2.07547
2.07357
2.07525
2.08154
2.07856
2.07035
2.05741
2.04474
2.03592
2.03519
2.03788
2.04538
2.05856
2.06886
2.07202
2.07232
2.06951
2.05961
2.04822
2.0423
2.04134
2.04348
2.05326
2.06451
2.06795
2.0679
2.06517
2.05715
2.04489
2.03552
2.03338
2.03405
2.03839
2.04838
2.05754
2.06017
2.05948
2.05708
2.05376
2.04765
2.03908
2.03133
2.02884
2.02852
2.03335
1
1
1
1
1
1
1
1
1
1
1
1
1
1
1
1
1
1
1
1
1
0.999246
1.01176
1.05578
1.21533
1.49873
1.66533
1.81423
1.93887
2.05104
2.15857
2.18692
2.18531
2.17693
2.1608
2.14121
2.13059
2.12346
2.11
2.1024
2.09614
2.0886
2.07772
2.06667
2.06303
2.06353
2.06785
2.07974
2.09303
2.09633
2.09573
2.09102
2.07963
2.06969
2.06661
2.06691
2.06846
2.07401
2.08279
2.08924
2.09073
2.08912
2.08007
2.06566
2.05657
2.05472
2.05532
2.05762
2.06228
2.06859
2.07465
2.07884
2.07927
2.07483
2.06455
2.05566
2.05049
2.0483
2.04828
2.05085
1
1
1
1
1
1
1
1
1
1
1
1
1
1
1
1
1
1
1
1
1
1
1
1
1
0.999279
1.0036
1.05438
1.26419
1.47129
1.68526
1.84924
1.99204
2.08841
2.08999
2.0975
2.09203
2.08832
2.10182
2.11777
2.12304
2.12307
2.11832
2.10944
2.09731
2.0854
2.08374
2.08541
2.08939
2.09027
2.09
2.08839
2.08616
2.08628
2.08893
2.09082
2.09248
2.0931
2.09307
2.09348
2.09492
2.09517
2.09276
2.08992
2.08609
2.08046
2.07874
2.07975
2.0823
2.08225
2.08165
2.08179
2.08275
2.08324
2.08279
2.08049
2.07742
2.07408
2.072
2.07127
1
1
1
1
1
1
1
1
1
1
1
1
1
1
1
1
1
1
1
1
1
1
1
1
1
1
1
1
1
0.999146
1.01877
1.12224
1.26902
1.49954
1.70818
1.85797
1.96687
2.03025
2.09324
2.12555
2.12732
2.1288
2.12843
2.12554
2.11585
2.09534
2.08236
2.08294
2.08506
2.08681
2.08686
2.08824
2.09442
2.10251
2.10643
2.10687
2.10466
2.09835
2.09229
2.08926
2.08893
2.09222
2.1
2.10396
2.10598
2.10713
2.10697
2.10428
2.09801
2.09069
2.08482
2.08228
2.08189
2.08389
2.09168
2.09748
2.09745
2.09769
2.09801
2.09456
1
1
1
1
1
1
1
1
1
1
1
1
1
1
1
1
1
1
1
1
1
1
1
1
1
1
1
1
1
1
1
1
0.999577
1.00028
1.0426
1.11314
1.32838
1.59324
1.78194
1.9004
1.95112
2.00864
2.05897
2.0872
2.08896
2.09298
2.09087
2.08556
2.08213
2.07964
2.08022
2.0852
2.0946
2.09996
2.10203
2.10371
2.10215
2.09169
2.08148
2.08016
2.08167
2.08734
2.09726
2.10642
2.1102
2.11277
2.11472
2.1147
2.10708
2.09492
2.08702
2.08524
2.08574
2.08738
2.0905
2.09883
2.10651
2.10836
2.10888
2.10574
1
1
1
1
1
1
1
1
1
1
1
1
1
1
1
1
1
1
1
1
1
1
1
1
1
1
1
1
1
1
1
1
1
1
1
1
0.999324
1.01182
1.06137
1.24303
1.446
1.57831
1.75
1.89701
2.02944
2.07434
2.08652
2.08298
2.07793
2.07074
2.06857
2.07112
2.07639
2.08293
2.08745
2.09057
2.09207
2.08959
2.07987
2.07479
2.07533
2.07948
2.08648
2.09274
2.09872
2.10515
2.11116
2.11185
2.11113
2.10764
2.09942
2.09101
2.08885
2.0898
2.09314
2.09575
2.0985
2.10246
2.1063
2.10584
1
1
1
1
1
1
1
1
1
1
1
1
1
1
1
1
1
1
1
1
1
1
1
1
1
1
1
1
1
1
1
1
1
1
1
1
1
1
1
0.999995
0.999563
1.01067
1.14714
1.35133
1.56562
1.73237
1.86164
1.97616
2.01321
2.02203
2.03075
2.03315
2.03858
2.05413
2.0652
2.07526
2.08434
2.08374
2.07927
2.07906
2.08034
2.07976
2.076
2.07565
2.07784
2.08129
2.08683
2.09606
2.10021
2.0988
2.09874
2.10094
2.10165
2.10115
2.09714
2.09181
2.09137
2.09256
2.09365
2.09512
1
1
1
1
1
1
1
1
1
1
1
1
1
1
1
1
1
1
1
1
1
1
1
1
1
1
1
1
1
1
1
1
1
1
1
1
1
1
1
1
1
1
1
0.999277
1.01364
1.12034
1.25295
1.46009
1.65582
1.84505
1.97007
1.99461
2.01434
2.02499
2.03425
2.04915
2.06394
2.07061
2.07128
2.07273
2.07638
2.07917
2.07789
2.06845
2.05959
2.05923
2.0624
2.06795
2.0754
2.08404
2.09076
2.0965
2.10341
2.10587
2.10416
2.09664
2.08496
2.08098
2.08059
2.08253
1
1
1
1
1
1
1
1
1
1
1
1
1
1
1
1
1
1
1
1
1
1
1
1
1
1
1
1
1
1
1
1
1
1
1
1
1
1
1
1
1
1
1
1
1
1
0.999499
1.00418
1.08602
1.23433
1.45608
1.66082
1.86189
1.94928
1.95282
1.96594
1.98603
2.01213
2.0388
2.0566
2.06677
2.07218
2.07149
2.06801
2.05861
2.0498
2.04795
2.0498
2.0558
2.0606
2.0654
2.07577
2.08847
2.09379
2.09311
2.08947
2.08603
2.08075
2.0746
2.07354
1
1
1
1
1
1
1
1
1
1
1
1
1
1
1
1
1
1
1
1
1
1
1
1
1
1
1
1
1
1
1
1
1
1
1
1
1
1
1
1
1
1
1
1
1
1
1
1
1
0.999493
1.00709
1.07455
1.22561
1.46966
1.67616
1.81515
1.88569
1.93988
1.97209
1.99348
2.02568
2.05008
2.05475
2.05489
2.05295
2.05403
2.05787
2.0564
2.04907
2.04467
2.0447
2.04895
2.05592
2.06443
2.07162
2.07492
2.07695
2.08016
2.08122
2.07944
1
1
1
1
1
1
1
1
1
1
1
1
1
1
1
1
1
1
1
1
1
1
1
1
1
1
1
1
1
1
1
1
1
1
1
1
1
1
1
1
1
1
1
1
1
1
1
1
1
1
1
1
0.999495
1.01262
1.0815
1.20372
1.44045
1.73258
1.90588
1.92089
1.94231
1.97913
2.00557
2.01689
2.03289
2.04569
2.0552
2.05594
2.05276
2.04734
2.03803
2.03439
2.03852
2.04384
2.0456
2.04761
2.05688
2.0688
2.07188
2.07339
1
1
1
1
1
1
1
1
1
1
1
1
1
1
1
1
1
1
1
1
1
1
1
1
1
1
1
1
1
1
1
1
1
1
1
1
1
1
1
1
1
1
1
1
1
1
1
1
1
1
1
1
1
1
0.999985
0.999521
1.01635
1.1132
1.3693
1.61124
1.74191
1.84933
1.92488
1.94692
1.97117
2.00631
2.03808
2.04338
2.04164
2.04096
2.04354
2.0503
2.0502
2.04078
2.03031
2.02985
2.0333
2.04264
2.05457
2.06405
1
1
1
1
1
1
1
1
1
1
1
1
1
1
1
1
1
1
1
1
1
1
1
1
1
1
1
1
1
1
1
1
1
1
1
1
1
1
1
1
1
1
1
1
1
1
1
1
1
1
1
1
1
1
1
1
1
0.999715
1.00376
1.05931
1.13844
1.34552
1.67039
1.91669
1.93485
1.95194
1.98206
2.00785
2.00583
2.01304
2.03631
2.05042
2.05249
2.04644
2.03635
2.02621
2.02349
2.03061
2.03896
2.04516
1
1
1
1
1
1
1
1
1
1
1
1
1
1
1
1
1
1
1
1
1
1
1
1
1
1
1
1
1
1
1
1
1
1
1
1
1
1
1
1
1
1
1
1
1
1
1
1
1
1
1
1
1
1
1
1
1
1
1
0.999996
0.999742
1.00625
1.08648
1.41174
1.68133
1.79838
1.89819
1.96414
1.95678
1.96381
1.99607
2.02875
2.04031
2.03762
2.03186
2.03408
2.0419
2.04435
2.03753
2.03303
1
1
1
1
1
1
1
1
1
1
1
1
1
1
1
1
1
1
1
1
1
1
1
1
1
1
1
1
1
1
1
1
1
1
1
1
1
1
1
1
1
1
1
1
1
1
1
1
1
1
1
1
1
1
1
1
1
1
1
1
0.999998
1
0.999829
1.01099
1.12057
1.23714
1.44314
1.73723
1.95093
1.9637
1.98081
2.00226
2.01608
2.00938
2.00769
2.02411
2.04805
2.05153
2.04784
2.03851
1
1
1
1
1
1
1
1
1
1
1
1
1
1
1
1
1
1
1
1
1
1
1
1
1
1
1
1
1
1
1
1
1
1
1
1
1
1
1
1
1
1
1
1
1
1
1
1
1
1
1
1
1
1
1
1
1
1
1
1
1
1
0.999998
1
1
1.00073
1.01648
1.13917
1.55449
1.81383
1.91561
1.98973
1.9916
1.9856
1.97623
1.99592
2.02727
2.03782
2.03719
2.03241
1
1
1
1
1
1
1
1
1
1
1
1
1
1
1
1
1
1
1
1
1
1
1
1
1
1
1
1
1
1
1
1
1
1
1
1
1
1
1
1
1
1
1
1
1
1
1
1
1
1
1
1
1
1
1
1
1
1
1
1
1
1
1
1
0.999999
0.999999
0.999965
1.00041
1.0577
1.30603
1.47801
1.70688
1.92849
1.9997
2.0021
2.02012
2.01833
2.0173
2.01264
2.00904
1
1
1
1
1
1
1
1
1
1
1
1
1
1
1
1
1
1
1
1
1
1
1
1
1
1
1
1
1
1
1
1
1
1
1
1
1
1
1
1
1
1
1
1
1
1
1
1
1
1
1
1
1
1
1
1
1
1
1
1
1
1
1
1
1
1
0.999999
0.999996
1.00001
1.00313
1.03228
1.13594
1.45718
1.79546
1.95513
2.02664
2.02678
2.02438
2.01014
2.00157
1
1
1
1
1
1
1
1
1
1
1
1
1
1
1
1
1
1
1
1
1
1
1
1
1
1
1
1
1
1
1
1
1
1
1
1
1
1
1
1
1
1
1
1
1
1
1
1
1
1
1
1
1
1
1
1
1
1
1
1
1
1
1
1
1
1
1
1
1
1
0.999977
1.00028
1.02766
1.32375
1.62243
1.78402
1.93536
2.009
2.0303
2.02962
1
1
1
1
1
1
1
1
1
1
1
1
1
1
1
1
1
1
1
1
1
1
1
1
1
1
1
1
1
1
1
1
1
1
1
1
1
1
1
1
1
1
1
1
1
1
1
1
1
1
1
1
1
1
1
1
1
1
1
1
1
1
1
1
1
1
1
1
1
1
0.999999
0.999998
1
1.00766
1.09757
1.30314
1.55435
1.80307
2.00641
2.05186
1
1
1
1
1
1
1
1
1
1
1
1
1
1
1
1
1
1
1
1
1
1
1
1
1
1
1
1
1
1
1
1
1
1
1
1
1
1
1
1
1
1
1
1
1
1
1
1
1
1
1
1
1
1
1
1
1
1
1
1
1
1
1
1
1
1
1
1
1
1
1
1
1
0.999986
1.00029
1.00522
1.07251
1.36156
1.73424
1.9789
1
1
1
1
1
1
1
1
1
1
1
1
1
1
1
1
1
1
1
1
1
1
1
1
1
1
1
1
1
1
1
1
1
1
1
1
1
1
1
1
1
1
1
1
1
1
1
1
1
1
1
1
1
1
1
1
1
1
1
1
1
1
1
1
1
1
1
1
1
1
1
1
1
0.999999
0.999999
0.999991
1.0002
1.02059
1.21002
1.77466
1
1
1
1
1
1
1
1
1
1
1
1
1
1
1
1
1
1
1
1
1
1
1
1
1
1
1
1
1
1
1
1
1
1
1
1
1
1
1
1
1
1
1
1
1
1
1
1
1
1
1
1
1
1
1
1
1
1
1
1
1
1
1
1
1
1
1
1
1
1
1
1
1
1
1
0.999999
0.999999
1.00003
1.00389
1.31213
1
1
1
1
1
1
1
1
1
1
1
1
1
1
1
1
1
1
1
1
1
1
1
1
1
1
1
1
1
1
1
1
1
1
1
1
1
1
1
1
1
1
1
1
1
1
1
1
1
1
1
1
1
1
1
1
1
1
1
1
1
1
1
1
1
1
1
1
1
1
1
1
1
1
1
1
1
1
1.00001
1.01997
1
1
1
1
1
1
1
1
1
1
1
1
1
1
1
1
1
1
1
1
1
1
1
1
1
1
1
1
1
1
1
1
1
1
1
1
1
1
1
1
1
1
1
1
1
1
1
1
1
1
1
1
1
1
1
1
1
1
1
1
1
1
1
1
1
1
1
1
1
1
1
1
1
1
1
1
1
1
1
1.00018
1
1
1
1
1
1
1
1
1
1
1
1
1
1
1
1
1
1
1
1
1
1
1
1
1
1
1
1
1
1
1
1
1
1
1
1
1
1
1
1
1
1
1
1
1
1
1
1
1
1
1
1
1
1
1
1
1
1
1
1
1
1
1
1
1
1
1
1
1
1
1
1
1
1
1
1
1
1
1
1
1
1
1
1
1
1
1
1
1
1
1
1
1
1
1
1
1
1
1
1
1
1
1
1
1
1
1
1
1
1
1
1
1
1
1
1
1
1
1
1
1
1
1
1
1
1
1
1
1
1
1
1
1
1
1
1
1
1
1
1
1
1
1
1
1
1
1
1
1
1
1
1
1
1
1
1
1
1
1
1
1
1
1
1
1
1
1
1
1
1
1
1
1
1
1
1
1
1
1
1
1
1
1
1
1
1
1
1
1
1
1
1
1
1
1
1
1
1
1
1
1
1
1
1
1
1
1
1
1
1
1
1
1
1
1
1
1
1
1
1
1
1
1
1
1
1
1
1
1
1
1
1
1
1
1
1
1
1
1
1
1
1
1
1
1
1
1
1
1
1
1
1
1
1
1
1
1
1
1
1
1
1
1
1
1
1
1
1
1
1
1
1
1
1
1
1
1
1
1
1
1
1
1
1
1
1
1
1
1
1
1
1
1
1
1
1
1
1
1
1
1
1
1
1
1
1
1
1
1
1
1
1
1
1
1
1
1
1
1
1
1
1
1
1
1
1
1
1
1
1
1
1
1
1
1
1
1
1
1
1
1
1
1
1
1
1
1
1
1
1
1
1
1
1
1
1
1
1
1
1
1
1
1
1
1
1
1
1
1
1
1
1
1
1
1
1
1
1
1
1
1
1
1
1
1
1
1
1
1
1
1
1
1
1
1
1
1
1
1
1
1
1
1
1
1
1
1
1
1
1
1
1
1
1
1
1
1
1
1
1
1
1
1
1
1
1
1
1
1
1
1
1
1
1
1
1
1
1
1
1
1
1
1
1
1
1
1
1
1
1
1
1
1
1
1
1
1
1
1
1
1
1
1
1
1
1
1
1
1
1
1
1
1
1
1
1
1
1
1
1
1
1
1
1
1
1
1
1
1
1
1
1
1
1
1
1
1
1
1
1
1
1
1
1
1
1
1
1
1
1
1
1
1
1
1
1
1
1
1
1
1
1
1
1
1
1
1
1
1
1
1
1
1
1
1
1
1
1
1
1
1
1
1
1
1
1
1
1
1
1
1
1
1
1
1
1
1
1
1
1
1
1
1
1
1
1
1
1
1
1
1
1
1
1
1
1
1
1
1
1
1
1
1
1
1
1
1
1
1
1
1
1
1
1
1
1
1
1
1
1
1
1
1
1
1
1
1
1
1
1
1
1
1
1
1
1
1
1
1
1
1
1
1
1
1
1
1
1
1
1
1
1
1
1
1
1
1
1
1
1
1
1
1
1
1
1
1
1
1
1
1
1
1
1
1
1
1
1
1
1
1
1
1
1
1
1
1
1
1
1
1
1
1
1
1
1
1
1
1
1
1
1
1
1
1
1
1
1
1
1
1
1
1
1
1
1
1
1
1
1
1
1
1
1
1
1
1
1
1
1
1
1
1
1
1
1
1
1
1
1
1
1
1
1
1
1
1
1
1
1
1
1
1
1
1
1
1
1
1
1
1
1
1
1
1
1
1
1
1
1
1
1
1
1
1
1
1
1
1
1
1
1
1
1
1
1
1
1
1
1
1
1
1
1
1
1
1
1
1
1
1
1
1
1
1
1
1
1
1
1
1
1
1
1
1
1
1
1
1
1
1
1
1
1
1
1
1
1
1
1
1
1
1
1
1
1
1
1
1
1
1
1
1
1
1
1
1
1
1
1
1
1
1
1
1
1
1
1
1
1
1
1
1
1
1
1
1
1
1
1
1
1
1
1
1
1
1
1
1
1
1
1
1
1
1
1
1
1
1
1
1
1
1
1
1
1
1
1
1
1
1
1
1
1
1
1
1
1
1
1
1
1
1
1
1
1
1
1
1
1
1
1
1
1
1
1
1
1
1
1
1
1
1
1
1
1
1
1
1
1
1
1
1
1
1
1
1
1
1
1
1
1
1
1
1
1
1
1
1
1
1
1
1
1
1
1
1
1
1
1
1
1
1
1
1
1
1
1
1
1
)
;

boundaryField
{
    inlet
    {
        type            fixedValue;
        value           uniform 1;
    }
    outlet
    {
        type            zeroGradient;
    }
    bottom
    {
        type            symmetryPlane;
    }
    top
    {
        type            symmetryPlane;
    }
    obstacle
    {
        type            zeroGradient;
    }
    defaultFaces
    {
        type            empty;
    }
}


// ************************************************************************* //
